************************************
* 隐马尔科夫模型统计
名称 start middle end
*******************************************

百,109,45,17
科,157,74,237
编,72,7,48
辑,2,15,11
燃,21,9,9
梦,46,54,48
词,37,8,99
条,36,27,76
期,23,22,212
次,32,16,65
度,18,46,222
往,23,4,24
合,157,107,98
作,105,101,84
分,229,69,94
享,9,5,6
收,129,27,46
藏,66,27,49
信,128,74,159
息,11,40,60
进,116,44,116
入,113,19,120
任,202,34,72
务,12,108,69
创,68,10,20
建,130,92,96
关,171,48,124
闭,24,6,18
网,73,14,324
页,5,6,17
投,85,7,12
诉,13,5,19
首,90,21,59
数,127,24,165
日,144,73,157
文,372,272,387
化,80,191,416
引,74,12,25
用,84,87,143
通,194,65,145
过,129,41,79
一,339,150,127
个,23,38,29
历,45,9,50
史,143,26,126
问,35,16,54
题,28,12,49
生,241,164,410
活,81,34,49
参,90,11,20
加,184,65,71
人,217,131,1055
物,55,94,201
音,67,47,133
乐,108,94,106
方,274,100,221
式,4,23,232
自,278,44,33
然,6,37,185
城,86,132,443
市,74,49,694
计,54,36,64
划,27,25,18
特,194,101,288
色,50,46,255
详,12,0,6
情,83,31,151
工,175,77,192
平,311,110,255
台,84,55,185
帮,30,22,26
助,34,18,25
模,38,4,27
户,24,31,73
知,58,49,59
道,90,93,428
喜,53,25,46
欢,35,5,28
浏,8,0,1
览,1,15,16
发,272,96,168
展,49,33,51
类,31,9,144
联,103,39,78
系,27,28,124
议,25,27,39
权,55,18,218
威,75,39,104
成,203,102,211
长,314,144,232
常,140,36,43
见,45,30,108
统,45,29,52
手,147,42,219
机,123,49,401
图,85,27,167
片,29,16,190
视,35,49,64
频,16,8,21
协,30,10,28
意,46,37,139
经,144,59,115
济,31,62,39
官,85,38,138
讨,23,3,8
论,36,24,141
规,29,18,31
则,7,19,33
修,100,33,72
改,69,11,22
打,217,14,49
开,274,48,116
公,262,121,158
司,88,28,93
免,46,5,15
费,84,14,139
术,8,82,95
语,39,30,175
搜,23,1,1
索,84,18,59
查,75,27,37
询,3,12,10
反,142,12,14
馈,2,0,4
声,53,32,199
明,207,159,294
看,86,3,32
二,148,44,52
战,118,33,148
回,157,17,57
顾,93,6,18
商,142,21,105
库,72,23,72
登,62,31,52
录,27,12,88
疑,22,6,19
举,44,12,43
报,89,30,145
贴,28,5,16
吧,5,0,19
门,108,95,388
微,90,5,33
付,38,12,18
申,75,9,16
侵,22,2,1
上,376,41,266
路,95,61,341
蝌,1,0,0
蚪,0,0,1
封,73,23,33
禁,46,4,24
解,103,26,63
安,355,135,200
票,18,14,66
册,6,5,26
锁,23,5,17
定,132,93,126
研,36,18,13
究,2,21,15
己,11,7,24
标,61,24,66
签,23,1,17
品,32,42,176
学,145,194,451
艺,51,57,55
行,137,116,249
目,31,25,142
管,100,40,146
理,64,118,127
内,229,50,95
容,45,58,68
时,136,65,143
间,30,44,112
简,74,6,12
介,25,20,15
相,183,44,106
技,29,32,30
企,27,10,10
业,24,131,235
体,90,64,278
育,22,56,31
组,47,15,101
织,22,35,25
集,88,29,137
第,122,10,30
就,32,5,16
是,14,4,63
设,46,15,32
项,23,11,33
教,131,40,105
基,109,76,124
本,171,98,171
快,60,4,32
速,34,21,52
全,198,47,51
站,18,6,173
中,555,132,294
心,168,139,298
校,71,13,75
动,86,133,133
完,40,10,17
整,80,9,16
同,174,48,64
始,21,15,21
升,47,19,48
级,7,19,124
电,257,100,91
影,46,46,85
补,74,8,23
充,29,10,12
服,52,14,87
赶,35,1,2
紧,43,3,24
种,55,16,120
提,80,28,30
供,52,6,8
大,1220,307,187
专,113,12,7
导,55,44,40
演,55,22,37
产,67,70,78
响,26,8,33
程,93,36,69
包,110,36,77
括,4,7,9
名,141,43,186
院,23,13,193
法,152,86,354
资,63,39,49
源,31,78,136
之,24,82,153
出,243,57,201
现,67,24,31
形,35,63,117
代,136,64,78
表,75,29,117
已,12,0,13
政,67,111,94
府,21,13,180
世,82,163,112
界,20,33,161
绍,18,48,18
构,17,18,21
况,6,1,23
般,7,5,12
里,74,183,253
员,7,18,190
应,106,64,51
单,123,8,45
位,20,26,132
三,329,73,76
环,68,32,56
境,9,16,53
根,39,38,130
据,12,18,24
后,151,29,130
部,37,40,300
于,374,14,160
料,12,25,84
场,27,31,238
立,90,90,123
万,169,20,33
元,118,122,132
言,47,28,125
主,205,59,163
选,72,21,57
择,19,7,5
些,5,3,13
饰,7,11,31
如,60,38,70
果,52,48,92
实,114,27,88
游,106,43,64
戏,44,19,85
著,12,4,19
北,250,74,70
京,73,45,56
高,600,96,79
面,78,74,259
积,47,42,31
结,112,39,50
称,39,5,56
负,40,6,18
责,23,3,24
释,25,11,15
决,41,11,25
础,0,4,6
络,6,23,15
娱,10,1,3
各,69,5,2
获,24,6,21
奖,17,5,125
义,66,77,122
习,32,27,25
领,70,17,36
采,68,23,14
评,53,8,30
价,20,9,122
团,69,18,142
当,90,34,58
授,26,1,15
件,1,21,76
制,104,60,213
准,33,29,33
歌,54,17,99
曲,97,30,103
外,259,43,102
控,31,8,31
角,42,44,116
筑,13,19,13
毕,48,3,3
海,313,162,280
版,13,24,81
利,122,153,238
点,64,25,232
旅,50,4,17
候,15,9,32
师,79,94,177
对,140,33,31
口,84,93,238
小,830,190,64
说,74,14,110
增,85,15,20
功,27,33,71
综,22,3,3
别,49,27,45
保,184,40,65
护,56,44,35
优,87,10,22
秀,27,77,98
重,178,44,90
支,81,22,30
持,28,13,29
范,104,24,24
围,48,12,21
必,28,24,10
须,21,14,19
治,42,62,66
示,26,22,31
职,36,12,65
者,2,17,503
型,9,28,151
析,6,12,15
直,113,24,46
备,30,23,37
施,114,11,21
担,18,3,6
运,84,55,85
处,40,26,162
域,6,8,31
故,39,6,22
事,47,66,197
变,99,18,77
什,23,25,31
么,1,19,20
营,68,27,81
香,118,57,109
港,31,27,100
质,37,44,116
量,25,40,277
指,95,9,41
传,121,55,118
前,147,42,85
精,108,23,32
神,205,49,112
家,130,262,439
向,151,38,74
接,108,25,28
疗,9,13,13
贡,27,6,14
献,29,26,13
民,118,52,183
族,11,23,146
牌,11,18,83
列,42,32,38
剧,36,22,132
起,105,50,123
来,78,46,172
荣,62,33,88
誉,2,21,16
材,4,10,45
丰,82,26,45
富,96,33,40
值,11,11,90
培,18,30,34
养,68,42,47
策,16,7,38
节,57,29,156
医,60,21,34
十,122,49,16
征,46,17,37
布,176,79,119
先,71,24,63
委,31,19,77
效,21,24,34
样,14,9,46
父,19,14,48
亲,78,19,55
交,161,38,47
际,2,26,25
比,93,31,79
赛,56,38,114
革,19,8,21
湾,10,27,92
左,131,9,7
右,52,20,17
记,55,25,134
置,19,9,27
突,38,10,12
原,142,58,74
因,30,23,38
希,57,66,56
望,60,15,78
受,110,11,24
从,69,24,23
识,16,19,32
注,31,5,32
象,26,33,49
甚,16,0,6
至,29,19,31
水,383,166,347
字,47,53,95
律,16,29,47
植,35,15,28
何,254,5,23
力,38,116,338
超,105,14,62
冠,34,55,34
军,147,34,399
切,62,23,38
课,22,6,48
添,12,5,7
执,44,6,8
按,36,1,3
照,50,27,54
所,40,11,104
属,19,24,57
继,28,48,16
续,22,16,16
风,147,65,298
格,104,99,111
背,46,14,24
景,50,71,76
庭,7,21,48
共,75,8,16
流,131,74,143
造,53,31,31
载,29,17,37
独,100,7,10
球,45,44,143
训,23,16,36
青,193,60,102
年,103,78,185
宣,93,26,21
办,30,17,76
唱,35,12,35
央,11,9,4
阶,13,6,11
段,71,4,51
书,112,69,288
农,124,20,59
空,124,55,74
东,349,106,195
西,394,127,175
软,64,2,19
殊,7,5,7
状,11,41,81
态,2,20,56
坚,25,10,29
监,61,14,34
督,18,13,11
促,17,3,11
检,54,10,24
确,18,11,6
势,9,10,69
批,32,5,17
调,130,16,81
否,7,1,6
验,24,36,21
汽,31,5,6
车,122,41,228
母,52,29,71
子,113,315,1161
孩,7,12,13
厘,5,4,4
米,148,63,75
强,108,20,100
汉,139,64,93
销,20,23,43
售,19,20,19
努,11,12,6
广,167,46,33
泛,20,3,6
季,51,26,44
攻,35,7,17
击,26,47,58
区,54,14,696
致,44,14,26
四,160,30,34
普,128,51,55
每,62,0,1
气,111,63,234
具,17,11,64
银,104,21,41
告,33,29,34
严,110,8,16
命,29,32,93
放,112,28,67
核,87,12,28
州,19,129,389
健,36,30,62
康,129,45,73
绩,6,1,15
另,17,0,0
杂,68,14,19
志,31,134,137
操,42,3,16
今,40,5,15
涯,0,0,3
拍,33,4,17
摄,35,6,5
铁,197,65,58
金,607,118,181
排,98,18,26
队,15,9,256
概,21,0,4
社,41,14,94
恢,8,2,4
复,113,24,40
序,13,14,27
欧,85,14,17
洲,4,59,87
卫,75,80,77
浙,15,1,5
江,206,121,252
山,269,196,899
终,37,2,10
需,11,3,9
求,63,10,45
争,47,16,16
儿,25,62,400
逐,25,2,5
渐,12,1,4
离,60,30,43
身,54,31,138
显,53,26,24
案,13,15,97
五,233,28,30
略,15,17,38
算,25,18,43
距,5,11,19
爱,111,36,72
践,3,4,4
承,72,63,30
皇,66,66,32
帝,34,26,141
素,36,36,128
均,25,15,36
连,121,53,58
稳,22,4,8
天,408,200,247
下,255,63,179
美,183,91,134
念,19,37,47
拼,20,0,5
话,25,35,145
斗,39,41,50
英,99,58,169
易,97,43,32
食,66,23,71
措,9,0,6
八,123,22,21
号,27,23,137
推,88,7,13
证,30,21,84
籍,5,4,32
疾,15,1,17
病,74,17,186
等,48,21,49
练,23,23,30
媒,8,10,7
融,23,16,18
六,127,21,22
善,49,55,57
患,9,3,13
份,8,6,21
干,150,64,81
挥,21,18,5
曾,131,7,13
例,11,4,34
温,121,24,49
观,83,29,101
众,28,17,32
河,128,69,447
南,416,139,184
巨,101,17,4
画,64,35,76
群,44,11,102
雄,45,20,85
迅,6,3,8
毫,15,1,9
博,106,43,53
士,29,121,157
席,16,12,39
客,65,27,100
械,2,20,8
述,8,10,34
女,146,43,127
性,63,52,754
将,33,26,56
播,25,14,26
降,47,16,30
低,94,8,15
移,32,6,24
映,15,15,19
细,86,33,18
胞,7,13,32
足,35,33,48
古,241,59,50
满,73,17,50
老,343,86,72
装,70,32,90
唯,20,5,6
七,100,25,25
武,251,68,128
器,14,13,338
取,51,16,63
考,71,16,40
虑,0,2,12
朋,8,12,11
友,17,28,77
硕,6,6,19
束,16,8,18
敌,30,4,36
感,52,18,112
觉,13,22,41
钟,88,32,54
党,62,12,86
九,158,21,29
苏,231,26,35
宗,71,77,161
村,56,18,429
几,22,3,6
乎,0,7,29
召,21,10,14
川,47,73,104
死,75,18,86
亡,14,6,22
园,27,30,175
附,45,6,9
近,71,11,30
追,69,3,8
谓,2,0,11
童,61,16,42
予,2,8,20
纪,76,25,71
步,46,41,73
互,30,4,2
湖,61,27,250
双,170,11,12
扩,27,4,1
掌,38,15,38
握,8,2,5
航,59,18,57
津,11,51,32
维,96,97,82
伍,44,2,7
盟,12,11,25
颜,43,12,31
荐,3,6,8
章,66,19,107
试,69,16,28
居,49,31,80
早,53,3,21
险,17,24,35
绿,88,29,31
配,58,15,31
拔,27,11,14
典,16,15,46
飞,113,26,125
适,29,10,17
街,27,14,80
留,62,26,39
迎,31,7,10
破,77,18,29
坏,15,7,13
胜,29,55,84
认,36,3,16
亚,147,94,161
漫,24,8,12
腾,20,13,36
讯,4,13,20
玩,29,10,13
可,158,64,52
逝,4,1,9
消,88,7,11
输,37,17,6
困,15,11,14
难,59,25,60
药,83,36,125
财,48,5,31
白,465,75,108
竞,24,2,4
避,30,1,8
千,100,25,22
符,19,6,32
寻,44,5,7
找,25,0,7
森,24,34,132
林,416,100,265
压,70,42,77
妻,11,3,20
刊,12,2,35
达,94,71,204
住,36,14,87
深,117,9,28
仍,3,0,1
兄,7,15,54
弟,7,11,52
随,48,3,8
陆,95,13,10
皮,104,65,101
肤,3,14,6
徽,16,8,15
圳,1,4,1
丽,35,99,115
测,47,16,26
诗,56,28,93
症,4,0,78
酒,83,26,126
店,24,4,107
周,443,27,55
限,22,12,23
彩,60,24,40
尽,28,5,25
依,52,23,23
购,26,13,28
买,38,17,10
尚,81,31,31
龄,1,18,51
履,9,6,4
乡,46,24,491
镇,63,33,1274
令,24,35,94
幸,26,4,16
福,106,80,97
红,244,72,145
带,51,12,135
秘,31,10,13
密,84,30,47
遗,56,7,7
址,0,1,25
触,26,7,5
总,157,27,14
云,187,109,191
斤,2,3,4
障,6,11,12
贸,14,7,14
庆,25,85,74
吸,55,12,5
男,62,13,26
妈,7,9,37
套,43,3,36
真,102,41,78
错,27,12,29
误,25,0,15
伤,43,14,69
害,9,7,45
估,12,3,5
益,32,25,36
描,10,2,4
星,94,52,179
防,108,21,38
止,25,7,28
拒,9,0,3
绝,66,2,24
熟,24,8,24
永,114,97,48
远,72,42,101
临,124,5,25
床,18,5,45
陕,12,1,2
键,4,9,21
码,9,12,34
脑,63,13,27
印,79,23,59
似,5,6,18
存,44,36,51
婚,34,14,35
针,30,15,42
扮,6,1,5
失,94,9,22
败,31,5,22
探,61,6,22
杭,45,3,5
固,42,22,22
诊,12,6,21
断,67,12,49
烈,18,14,53
察,16,51,32
访,13,8,25
挑,33,2,5
某,29,1,31
预,73,3,3
即,24,5,8
顷,3,3,7
讲,45,10,12
姓,2,6,23
仪,28,7,109
写,35,4,37
佛,69,24,41
覆,13,4,9
盖,39,19,40
读,32,12,44
轻,72,5,10
粮,22,11,34
损,11,9,21
华,232,75,259
妇,16,7,37
率,11,5,193
翻,69,3,17
译,22,12,19
启,36,43,16
咨,12,0,1
弃,19,2,21
含,50,7,13
幕,9,13,32
染,20,17,23
边,60,25,95
朝,68,39,67
鲜,35,10,15
审,44,15,29
黑,223,23,34
洋,62,44,69
犯,32,0,38
罪,18,8,58
哲,12,21,44
怎,13,2,0
狐,15,10,12
顺,62,34,65
舞,43,16,69
蹈,1,7,2
遍,9,2,10
汇,32,15,27
途,4,6,27
思,71,92,85
局,23,11,202
凭,17,0,5
借,43,3,9
矛,6,2,1
盾,4,5,13
蔬,3,0,2
菜,45,13,114
转,144,21,50
余,164,10,24
截,23,4,5
励,6,4,8
张,938,20,32
旨,3,1,20
栽,12,2,2
停,48,2,9
忆,9,6,4
危,36,4,11
鼓,37,15,38
清,219,79,132
走,70,1,57
宇,33,32,98
宙,2,7,8
县,42,10,1208
线,35,43,296
辆,1,2,4
惯,8,3,6
初,84,5,52
劳,68,19,29
届,2,1,14
约,40,25,66
丈,7,7,8
夫,19,85,211
污,19,7,14
土,147,38,107
壤,4,5,10
繁,32,7,5
殖,4,18,11
缺,34,4,17
乏,5,2,10
春,82,83,111
秋,77,37,62
乾,24,8,18
隆,41,37,61
兴,96,74,107
趣,5,4,27
做,57,2,17
呈,16,6,4
趋,9,1,1
巴,205,69,70
答,25,5,13
绘,6,4,8
坛,7,3,42
廷,3,52,38
黄,555,43,63
异,94,17,35
阳,86,193,178
光,157,144,270
智,47,50,64
慧,21,42,55
阅,10,3,15
眼,81,40,112
睛,1,1,11
唐,255,20,20
臣,8,8,78
刺,39,13,26
激,41,11,10
巧,22,10,29
魔,59,14,30
晚,36,6,16
贷,7,5,10
款,11,12,65
射,38,54,53
彻,7,3,12
底,36,27,74
肯,16,6,11
锋,6,12,44
两,69,6,5
侧,33,1,28
循,11,6,5
落,64,17,78
纽,19,3,3
托,70,32,64
阵,22,12,52
擅,6,0,1
栏,6,7,34
德,174,229,366
杰,35,16,120
伟,11,41,110
股,27,16,52
熙,5,22,44
贵,51,30,59
绕,16,2,8
胁,3,4,5
荷,23,11,25
兰,92,103,160
毒,53,27,57
旦,2,9,25
杀,57,16,53
沟,19,6,78
允,6,25,17
许,135,6,26
鉴,20,5,15
黎,46,19,14
姻,2,1,2
牺,4,1,0
牲,3,7,3
撤,19,0,3
判,18,12,12
辖,6,5,7
返,21,0,6
魅,5,0,2
贯,5,5,13
衡,20,9,42
厂,17,10,114
券,2,7,22
饮,21,7,14
蒙,70,31,50
累,20,4,15
抗,88,10,11
室,16,9,132
纷,9,2,4
孔,118,15,32
颁,8,0,0
房,66,26,168
差,33,7,58
刻,30,10,30
浓,25,3,5
块,12,7,43
档,11,3,23
层,21,13,106
诞,4,5,7
怀,64,38,42
灵,100,49,78
魂,2,17,34
妹,6,12,37
订,17,6,15
热,135,36,82
庄,67,18,153
爆,27,8,11
役,4,7,24
欣,11,16,39
赏,16,9,20
楚,90,22,34
径,8,9,30
货,29,18,63
招,81,8,23
混,54,4,8
靠,18,3,12
嘉,63,70,56
宾,19,33,32
轨,6,1,25
恐,17,2,7
怖,0,2,4
待,21,9,27
塑,17,9,11
警,57,11,24
怪,34,8,31
兽,17,5,44
衣,41,27,103
玻,25,1,0
璃,0,19,6
痛,28,7,47
苦,71,5,33
宜,42,21,30
石,356,83,268
油,98,54,116
纤,21,10,4
冲,80,26,49
伦,30,43,102
敦,12,22,15
邮,34,3,7
爸,2,0,5
阻,25,7,16
血,104,41,83
液,27,12,69
尺,8,6,19
寸,16,1,9
冬,51,23,34
屋,25,5,56
洛,93,75,56
腊,10,8,8
旗,19,12,63
辅,24,10,17
夏,190,18,46
燥,2,3,6
币,3,6,29
若,42,40,29
岗,17,35,57
延,70,37,39
伸,23,2,9
御,59,15,7
抑,11,3,3
叫,35,9,27
哥,25,15,83
休,44,8,21
闲,31,12,16
拟,21,8,6
矿,40,17,69
换,50,10,23
姐,10,12,38
越,59,16,64
沈,142,3,2
良,44,42,110
奇,81,31,128
竟,8,1,3
辽,26,6,6
宁,84,65,135
占,48,21,19
圆,74,18,32
罗,364,102,130
马,582,138,154
骨,58,38,96
甘,57,13,13
肃,15,8,14
隶,3,6,5
渠,10,5,21
悠,13,3,7
久,34,17,26
暗,72,5,8
沿,19,2,9
辐,15,5,0
陷,11,2,14
迹,2,2,39
宋,254,10,14
松,123,36,102
岸,15,13,37
板,56,28,150
肿,9,1,16
瘤,2,5,20
除,40,3,36
涵,10,2,26
奏,15,12,21
悉,3,3,8
尊,21,11,19
辉,21,11,89
煌,1,6,10
岛,24,28,219
玉,180,100,142
瑞,44,58,68
润,19,24,39
茶,71,10,73
叶,228,49,80
递,14,2,8
篮,13,4,13
闻,34,29,40
绎,0,2,3
归,75,10,28
撑,12,2,3
碍,4,4,7
跃,12,10,22
硬,60,7,14
偶,19,5,13
像,8,26,51
花,229,113,239
沙,150,49,58
澳,9,8,9
愿,4,8,24
违,21,0,5
袖,10,2,11
午,15,9,15
税,30,8,70
兵,59,36,184
撰,7,1,4
暖,29,7,18
绪,2,8,20
纸,51,12,68
王,996,67,285
絮,5,2,7
灭,24,6,23
曹,154,2,7
蓝,101,21,32
遭,13,0,7
遇,12,8,25
暂,11,0,1
弹,50,15,53
头,92,143,358
抓,24,2,5
仰,29,4,8
尝,5,3,5
乃,13,37,11
祭,29,4,16
祀,0,1,3
烧,50,11,19
拓,21,5,6
礼,45,32,96
够,7,0,5
袭,9,3,20
俗,17,8,27
晰,1,1,3
肌,21,5,42
肉,61,13,77
裁,22,11,14
溶,26,13,13
骤,7,0,3
炸,16,6,5
耗,18,6,15
泥,51,19,19
替,11,2,8
番,19,16,13
退,53,6,22
珍,27,20,71
卓,29,16,16
野,66,31,51
掘,8,4,5
匀,4,3,4
菩,9,4,0
萨,98,41,39
半,79,20,14
舒,52,13,22
诺,43,38,71
署,3,3,29
昆,31,14,14
旋,26,13,18
聚,59,22,18
凤,80,52,50
凰,2,13,5
驾,19,3,18
驶,11,9,4
跟,19,7,6
踪,2,1,10
奠,7,1,1
宅,13,5,17
氏,2,24,241
骑,23,8,10
储,39,6,9
剂,2,6,176
逻,5,8,2
宪,9,21,31
苹,6,3,0
岩,49,26,133
桥,42,19,194
梁,222,23,65
遵,13,3,2
守,60,40,46
慈,37,10,15
聪,5,4,21
饲,11,2,3
厦,12,5,5
垂,32,5,9
额,14,5,69
厚,31,18,44
祝,28,3,9
月,80,60,99
蛋,19,20,39
坦,25,16,28
克,134,196,278
郑,184,6,4
扬,35,7,65
邦,16,37,76
虚,56,8,28
褐,15,13,4
餐,15,8,31
厅,7,2,70
刷,12,9,9
稻,19,3,11
驱,26,4,7
波,100,50,138
隧,2,1,0
菌,13,21,49
赔,14,1,3
偿,4,7,9
陶,74,15,19
瓷,20,6,17
洁,6,23,49
齐,104,24,44
潜,40,12,13
呼,57,8,21
私,68,3,14
奥,160,27,38
岁,12,2,26
穿,30,1,13
函,8,4,15
携,5,4,3
谈,26,9,45
徐,332,4,4
脂,20,16,22
肪,0,4,4
透,39,14,18
露,34,24,41
诸,89,1,11
侯,78,22,44
框,4,0,13
架,18,7,67
唤,5,5,9
刚,30,11,81
散,70,11,57
恋,17,4,28
堂,25,29,209
泉,20,49,97
雕,18,1,28
末,25,12,37
钢,55,15,61
琴,17,11,61
镜,20,24,73
吃,54,7,16
饭,25,9,56
纯,44,6,18
诚,13,11,50
瀑,1,6,2
草,103,30,145
豪,37,6,50
班,48,20,89
船,56,13,89
舶,1,2,1
援,13,8,19
树,56,57,146
急,53,4,22
氛,1,1,1
董,82,7,5
味,9,20,65
喻,17,3,8
疼,3,1,5
麦,104,22,24
剪,25,4,5
柔,29,11,16
忙,9,2,21
脱,64,4,19
隐,38,11,16
擎,2,0,3
粉,39,17,67
丝,37,37,86
煤,42,8,24
炭,10,6,14
巩,14,2,4
疯,16,6,6
狂,41,2,16
吉,99,60,67
瞬,7,2,2
彰,6,2,5
搭,27,2,3
漂,12,1,3
亮,23,12,106
醒,8,3,17
脏,11,3,9
倾,32,7,6
竣,1,0,1
听,52,6,32
怕,8,3,12
罕,5,7,13
乱,41,4,49
挖,17,3,2
湿,17,12,23
赋,10,2,35
峰,11,50,184
窗,23,3,25
奉,44,9,17
姑,19,22,19
娘,16,23,78
谢,164,8,16
泳,6,11,12
纳,84,53,140
纵,31,4,9
横,99,4,9
扰,8,3,18
夺,20,5,14
谨,6,3,5
摇,28,8,9
滚,31,8,8
纺,18,8,14
晋,70,17,24
裂,16,6,22
惠,68,58,49
捐,15,1,3
赠,12,2,13
端,32,11,54
丹,78,33,81
池,25,16,91
送,50,11,41
慢,31,7,12
净,36,7,19
浪,21,20,31
火,158,47,116
箭,15,15,19
幅,5,3,26
筹,20,5,9
阔,13,9,11
冒,33,2,4
仿,20,3,5
灾,14,4,23
贫,32,1,9
君,24,39,129
倡,6,2,4
木,185,90,138
减,60,2,17
奋,14,3,10
零,30,5,10
舰,11,3,33
婴,8,12,13
貌,1,1,19
狱,6,4,16
葡,14,4,0
萄,0,11,4
龙,221,93,250
肥,34,10,27
讼,2,3,4
赖,33,15,16
胆,30,8,16
愤,8,2,14
怒,23,1,31
腻,4,1,7
旧,76,7,22
垃,8,0,1
圾,0,7,1
尸,10,7,19
罚,8,1,11
宿,37,12,24
舍,21,15,31
乘,38,3,16
坐,54,4,24
鲁,121,83,41
苗,42,6,33
灌,24,6,6
溉,0,2,1
宰,12,9,8
卉,0,0,1
庞,40,3,2
宝,128,85,122
贝,84,38,32
寓,6,3,4
曝,4,0,0
脉,17,8,41
寺,16,8,327
锻,7,0,1
炼,21,4,13
丛,16,4,15
勇,18,11,63
敢,8,3,9
豆,40,26,29
瓣,3,3,5
阴,86,20,21
渡,17,28,33
雷,147,61,88
敏,7,47,85
恶,48,6,24
孙,270,28,47
洗,68,7,22
雨,59,39,104
座,26,10,93
艰,9,0,3
颗,5,3,1
粒,8,16,21
秩,4,0,1
顶,44,19,57
派,28,5,138
遣,8,4,8
孕,8,5,8
雅,62,53,66
抵,26,2,9
幽,38,4,7
默,25,16,22
拯,1,1,2
救,47,7,22
笑,35,19,80
摆,30,2,10
陈,609,7,13
洪,111,40,41
虫,17,24,112
陛,1,2,0
缓,26,2,16
辟,5,2,5
裔,0,0,6
昌,37,66,106
庙,28,8,84
粤,15,2,3
谋,24,8,28
寿,49,38,48
忽,16,2,10
堪,6,2,7
奶,23,12,25
暴,47,8,23
祖,62,63,75
惜,9,4,13
叙,17,5,9
渔,36,8,2
丘,24,26,28
陵,12,48,117
仔,2,16,18
纬,5,9,11
弘,18,18,23
轶,2,3,0
鸟,35,8,67
串,12,3,9
壮,29,9,19
魏,119,5,10
墅,0,8,2
孤,45,4,4
卡,161,45,120
屿,2,9,7
枢,9,2,9
扶,33,5,4
省,61,12,96
寂,7,1,11
寞,0,0,2
犹,15,0,1
丧,21,3,15
氧,29,24,19
迄,1,0,0
泌,5,3,3
伙,8,9,17
伴,18,7,18
宠,13,1,10
短,70,10,11
橡,12,2,0
胶,45,12,33
卖,44,10,26
腹,27,11,19
栖,12,13,2
伏,50,15,24
泰,70,42,83
崇,54,26,12
拜,45,8,22
毗,9,1,0
邻,17,2,19
伊,146,42,49
朗,19,34,45
潮,34,16,56
既,11,0,0
芯,3,7,8
柱,15,20,59
泼,8,3,4
缅,5,0,0
甸,2,25,11
慰,13,4,11
李,1066,12,11
纠,14,1,2
轼,0,0,1
扎,45,11,16
田,204,58,133
墙,22,6,60
屏,19,10,37
渴,5,0,7
仓,25,13,27
恒,31,10,26
哪,18,2,0
姿,5,2,12
峡,7,4,35
谷,54,38,110
辞,22,3,22
缩,23,21,21
宽,42,5,37
宫,78,24,173
邀,7,0,3
惧,5,3,10
诠,1,0,0
弯,16,5,12
旁,17,2,9
偷,34,0,2
漠,6,11,10
跨,29,1,2
惊,50,3,9
幻,24,5,10
盛,58,18,55
崛,2,0,1
玫,9,6,1
瑰,2,8,4
妙,39,10,15
株,9,2,7
幼,34,18,6
焰,2,10,9
泊,6,10,17
鱼,85,24,159
悲,30,2,7
郁,29,6,17
烦,16,3,12
恼,5,1,6
咖,13,3,1
啡,0,12,5
馆,14,4,102
揭,21,3,2
刘,704,5,3
憾,1,1,5
堡,6,12,67
丞,1,7,10
债,12,4,22
廉,17,7,13
挪,12,0,1
晶,18,30,28
壁,19,9,49
笔,44,13,64
灯,35,12,95
逮,3,0,0
捕,26,8,16
棉,39,9,20
谊,0,6,12
忌,10,2,14
珠,28,34,67
殿,10,13,86
靖,17,52,21
忍,14,4,13
甲,61,35,57
悬,39,6,3
挂,49,2,13
麻,91,30,31
拉,225,171,199
丁,152,31,77
钱,92,15,75
伐,5,5,11
桂,51,45,27
杜,170,14,8
甫,0,12,39
糊,13,6,15
迁,19,9,23
吏,6,2,12
阐,6,0,1
膨,7,1,0
胀,2,2,10
链,10,3,19
毁,12,0,17
振,25,83,34
匈,4,2,0
奴,12,14,28
账,14,1,31
斜,42,6,8
欲,6,4,24
瓦,72,56,56
旱,20,4,9
焊,6,1,7
旬,6,2,7
泽,19,57,72
夜,70,15,57
秒,5,2,6
懂,3,0,7
邪,18,4,18
歉,3,1,3
昔,8,5,6
假,65,9,30
荆,32,8,4
叉,7,13,14
折,53,9,18
残,55,5,10
酷,11,6,7
钻,24,1,4
厌,13,0,5
傅,80,1,11
冶,16,15,6
爷,7,5,85
彝,3,2,8
忠,31,33,85
紫,107,32,17
缴,10,0,9
勤,18,10,42
畅,15,3,13
震,29,32,36
腐,21,17,10
劝,27,1,7
衍,8,8,10
隔,31,3,7
迷,35,4,19
扫,30,4,6
牙,42,14,43
齿,8,28,23
阿,400,28,21
插,36,4,7
秉,9,33,9
疫,6,6,8
泪,15,3,18
焦,51,3,13
租,27,14,14
赁,0,2,2
痕,2,2,20
摧,5,0,0
帅,11,9,36
毛,140,41,57
柏,28,48,22
圣,107,31,35
芬,12,15,63
铸,13,4,11
撼,3,1,2
渊,6,8,27
巡,42,5,7
抚,24,6,12
滤,16,8,2
灰,55,24,27
莞,2,4,2
纂,1,2,1
衔,4,3,11
侍,27,5,8
郎,16,13,82
捷,10,10,33
淘,12,3,0
汰,0,3,2
钮,9,0,3
仇,26,3,16
渗,15,3,2
尔,46,365,397
轿,3,2,2
卵,14,8,8
爵,9,5,20
侠,9,6,57
盘,47,25,73
岭,19,28,116
碰,14,1,5
撞,19,1,9
徙,2,0,4
睡,23,1,14
眠,0,5,12
畴,0,1,6
贮,5,1,3
莲,27,28,55
畜,14,2,15
牧,31,16,23
赞,28,10,20
滑,54,7,19
忘,12,2,6
曼,41,29,103
沉,54,10,23
聊,9,2,3
叛,17,3,4
悄,5,3,2
聘,11,5,13
抛,26,1,0
湛,4,3,6
厨,8,2,8
侨,16,2,4
删,7,0,1
乔,91,16,20
盈,12,7,17
静,57,30,70
冷,97,18,29
摩,47,25,20
牛,123,27,58
喝,18,3,9
掩,15,1,2
粹,0,5,5
斯,153,155,460
凌,48,7,22
晨,16,11,33
酵,4,3,1
霹,4,0,0
雳,0,2,1
妆,6,9,9
睐,0,0,1
逃,29,2,14
跑,27,7,24
寒,65,12,42
玛,41,22,31
沃,39,16,11
梯,12,7,16
娜,12,4,96
弥,22,13,2
垄,6,3,1
呕,2,0,2
吐,30,1,6
填,22,1,4
疲,11,1,0
阁,8,10,84
骄,12,1,2
傲,13,3,9
癌,5,3,28
惩,8,0,2
讶,1,0,1
肝,26,3,12
牡,9,1,0
抢,35,3,9
抽,47,1,0
鸡,61,9,59
废,28,5,9
襄,20,19,10
敬,39,36,38
搅,12,0,2
拌,3,4,2
拆,24,3,4
蚀,2,6,21
割,21,3,7
辈,5,3,22
碎,21,7,20
崩,8,3,3
溃,10,1,3
祥,10,39,90
仙,87,44,58
凶,24,1,9
欺,14,1,3
骗,8,2,12
契,10,9,12
馨,1,4,15
睹,0,0,2
狭,7,2,3
窄,4,0,4
灿,4,6,16
烂,12,1,12
剩,6,0,2
孟,123,23,10
滨,16,15,18
掀,5,0,0
孵,5,0,0
闹,24,2,15
胎,17,5,24
涨,11,2,10
阪,1,5,1
阱,0,1,3
耳,46,35,42
朵,7,6,16
迫,9,6,10
趁,6,0,0
昏,19,3,10
薄,40,4,19
膜,5,8,61
捉,11,1,2
狮,22,8,14
尴,1,0,0
尬,0,0,1
帜,0,0,2
甜,33,4,13
蜜,18,7,11
勋,5,4,47
尖,38,9,33
脚,46,34,52
抒,8,2,1
纲,6,0,49
枪,33,7,64
舆,3,5,11
婆,12,13,38
桃,48,9,29
宏,24,23,47
崖,11,8,16
腔,5,6,41
淀,6,7,4
浸,19,4,2
泡,25,4,19
虹,13,11,29
凡,25,18,45
梅,149,22,99
怜,3,4,9
猎,31,8,13
棕,17,5,4
篇,6,2,37
辛,50,23,26
亥,2,3,5
洞,28,24,93
穴,3,3,38
丢,15,2,0
烟,56,17,47
钥,3,3,3
匙,1,3,7
炎,12,10,83
劣,9,0,9
辨,9,4,7
搬,16,0,1
凝,34,13,10
擦,14,5,3
禅,25,6,14
慎,10,8,9
猪,41,11,26
缆,3,0,5
磁,60,18,10
诱,17,1,4
惑,2,3,12
尼,77,80,150
咳,4,1,3
嗽,0,0,1
肢,3,4,13
裹,7,1,3
蕴,6,9,5
烹,7,0,0
饪,0,0,1
屈,30,2,8
沛,5,8,10
侦,17,2,3
讽,4,0,3
胸,41,8,15
镶,7,1,1
嵌,7,2,1
噪,3,2,4
蝴,7,1,1
蝶,6,10,12
拿,27,10,12
翅,4,15,9
膀,6,0,4
拥,22,2,4
抱,33,4,8
跳,44,8,15
涂,24,8,9
椅,4,0,22
朴,133,5,19
铺,27,5,32
澈,0,0,5
陪,21,0,4
啤,9,2,0
慨,2,0,3
亨,10,15,20
戒,20,2,20
匹,8,2,3
绑,8,1,3
炮,32,5,50
磨,48,6,13
毅,2,5,38
坡,18,19,53
贞,10,28,43
缚,0,2,3
雪,87,61,95
盐,70,8,40
虎,50,30,80
扑,24,5,9
纹,10,14,38
耶,30,24,20
稣,0,2,1
浇,7,3,1
搞,13,0,3
蓬,17,6,8
勃,15,9,9
晓,23,102,57
蒸,22,6,4
昨,5,0,0
悚,2,1,2
披,17,1,1
徒,12,7,43
顿,11,8,86
押,12,7,14
倒,58,5,34
祈,10,0,4
祷,3,2,3
隋,15,0,0
艇,2,0,28
吁,1,3,2
螺,22,8,11
羽,26,13,42
胡,246,22,12
旺,12,14,21
辣,15,14,13
椒,6,10,14
昼,4,1,2
夸,13,3,3
宦,4,0,4
蕃,2,1,2
冰,93,27,49
厉,18,8,4
祯,0,3,12
尾,31,61,39
轮,39,22,65
顽,14,2,4
沂,13,8,2
夕,9,2,11
稀,25,2,6
刑,22,7,30
僧,15,14,20
秦,149,7,12
泄,11,4,10
漏,19,1,16
杆,9,12,40
粗,43,0,6
糙,3,1,1
芒,7,5,8
绰,5,0,6
裕,11,19,21
泻,6,4,9
谍,5,1,3
涉,19,4,8
劲,13,16,42
沫,2,4,8
韩,178,2,5
愈,6,3,13
炬,0,1,2
妊,5,0,1
娠,0,1,1
淡,37,6,17
翌,3,1,0
拾,9,2,2
塞,57,40,43
糯,5,3,0
糕,2,1,9
碑,14,2,27
堆,23,4,26
蕊,2,3,9
瞒,3,1,2
乙,39,16,12
醇,8,2,40
墓,17,8,24
葬,6,6,23
挣,7,0,1
谥,1,0,1
妖,28,7,6
翔,4,8,39
祠,2,1,25
柄,2,0,15
嫌,7,1,6
俘,2,1,4
虏,0,1,3
盗,23,6,9
厥,0,3,6
谁,9,3,4
A,91,61,78
募,7,0,7
逢,3,5,13
瓜,25,15,24
翡,3,0,0
翠,25,22,18
鼠,14,9,44
耀,7,38,31
驻,24,0,7
豫,12,10,15
酱,8,5,17
尤,55,7,3
轰,11,0,3
镑,0,0,2
朱,343,14,6
熹,3,2,7
酬,8,1,5
巅,1,0,2
筛,8,0,4
亏,13,0,11
溯,2,2,4
诅,2,0,1
咒,5,1,9
浮,54,12,15
叠,15,4,8
儒,19,7,27
狩,4,0,1
廊,10,2,16
躲,9,0,1
悦,8,6,26
愉,5,0,1
衰,13,4,6
霆,0,2,6
佩,31,35,20
戴,90,8,7
悔,7,3,12
滩,5,14,35
猜,9,0,4
渲,2,0,0
廓,2,2,5
浒,3,2,3
畸,5,0,1
弱,23,3,32
赚,3,0,1
句,12,5,34
艳,14,16,33
勘,8,2,6
诏,6,3,15
郊,8,3,15
悟,4,7,18
滋,12,11,15
牵,26,1,2
辗,1,0,0
谱,10,11,40
闪,31,10,10
侣,0,0,5
鬼,58,11,52
沌,0,1,2
缘,9,15,43
娲,0,0,1
烤,20,0,5
渤,5,3,1
铃,6,8,24
骼,0,1,3
枝,16,21,38
祸,14,0,14
卦,1,7,7
鼎,11,19,36
乳,52,14,20
帽,6,12,38
拨,14,1,11
隙,2,0,9
歼,5,0,4
脆,7,1,8
贺,75,18,17
饱,17,1,3
鹃,1,3,4
臂,8,5,20
嗓,4,2,0
匆,3,1,2
稿,6,2,41
沧,12,8,3
桑,67,18,26
锅,15,9,31
炉,18,3,41
佐,21,11,16
颈,10,11,8
辰,8,10,29
蔓,7,2,5
墨,53,12,24
诣,0,1,1
搏,6,4,7
削,12,3,10
逆,27,10,10
蔗,1,1,1
斥,9,1,13
脾,7,3,3
菊,8,11,24
棋,24,6,19
匪,5,2,10
疆,4,2,10
雌,10,2,0
扭,17,0,2
肴,1,0,3
铜,74,9,15
潇,5,5,3
洒,10,2,8
桌,15,3,22
陌,5,0,1
跻,1,0,0
酸,41,67,129
恩,46,53,127
寄,36,8,4
陀,5,12,17
歧,8,2,1
棚,8,3,29
淮,29,7,10
埃,77,9,8
咸,30,5,4
锐,8,10,13
阀,1,0,19
昂,12,7,24
蜂,23,7,21
挡,13,2,7
酿,6,0,4
勉,4,1,12
梗,6,5,9
穷,21,4,5
肚,9,11,10
瞄,5,0,0
叹,7,4,23
僵,9,1,3
卒,3,1,15
伯,73,100,87
轴,15,7,30
缠,10,1,4
蔽,2,3,6
芳,24,13,83
摘,13,1,4
恨,7,2,20
莽,11,1,8
哭,19,2,8
泣,2,2,6
鸣,21,24,42
妮,6,12,40
丕,0,8,1
叔,11,31,42
伪,21,1,8
邯,3,1,0
郸,0,1,1
催,26,1,0
缮,1,0,1
仲,25,62,36
猛,32,2,14
汕,5,2,4
蔷,4,1,2
薇,3,7,21
徘,1,0,0
徊,0,0,2
剖,9,3,1
媳,2,5,5
壳,6,18,29
髓,1,4,7
逍,4,2,0
遥,15,6,11
谣,4,0,6
嫉,3,0,1
妒,5,1,2
惟,5,12,4
傣,5,0,0
屠,21,3,4
蜘,5,2,0
蛛,4,4,4
榜,8,2,33
帕,57,18,9
篆,6,2,3
怨,14,1,15
莫,120,19,13
吵,7,1,2
肠,22,17,28
罢,12,2,4
玄,74,27,19
楼,53,19,176
萌,8,3,13
芽,5,7,23
肾,29,0,2
稍,10,1,1
衙,5,2,2
慷,1,1,0
鼻,32,16,13
拦,18,1,3
迟,15,3,8
耐,49,8,7
胚,13,1,2
庐,10,1,11
勒,19,36,78
挫,5,0,4
岳,56,21,38
婿,0,0,10
峙,1,2,6
俄,19,5,5
糖,35,9,54
颠,9,2,4
莆,6,0,0
誓,7,0,5
沼,4,4,5
葫,5,4,0
芦,30,7,5
盲,13,7,6
棒,17,3,23
牢,12,6,12
逼,20,0,7
蜿,1,0,0
蜒,0,0,2
鸦,3,1,7
绚,3,0,0
脖,2,3,2
剿,5,0,6
斑,22,14,20
奔,27,0,13
汗,16,5,24
坊,7,12,32
樱,11,4,9
扣,20,3,16
奈,11,15,21
栗,10,6,9
佳,30,44,48
沐,4,3,2
浴,11,7,12
掉,14,1,49
竹,88,26,55
匠,3,3,28
彗,2,0,1
傍,1,0,1
塔,98,44,172
疏,26,2,13
狸,2,2,8
烁,1,0,2
挽,10,1,0
薪,8,5,12
澄,15,7,14
恰,11,3,2
忧,17,0,14
涤,4,10,4
埋,13,2,7
坤,1,8,26
绣,18,3,15
浆,11,7,22
绽,3,0,1
矩,4,1,13
邂,1,0,0
逅,0,0,1
坝,18,5,35
漳,7,3,2
辩,16,1,14
兑,7,1,5
戮,1,0,4
谎,4,1,4
湘,35,22,21
潭,9,23,31
椭,5,0,0
醉,25,10,13
芜,5,2,4
攀,18,3,3
昵,1,0,1
灸,0,1,4
娃,6,8,20
匾,2,0,3
滥,5,0,1
羊,57,40,53
翼,14,6,40
贼,12,2,30
箱,12,2,54
绸,7,0,8
劫,13,3,9
塘,25,10,30
琉,7,5,0
濒,5,0,2
闯,11,2,8
禽,8,2,10
兔,10,3,13
猴,14,9,21
贪,32,1,1
萝,10,11,4
卜,14,14,17
妥,7,3,6
妨,2,0,3
琵,6,0,0
琶,1,4,1
淋,14,4,9
碱,13,10,22
簧,1,6,3
蒜,5,0,7
溪,24,38,124
荡,12,10,32
拳,17,5,45
禧,1,2,7
蓄,17,3,7
韵,12,16,22
浦,19,27,28
漩,1,0,0
涡,9,0,2
吻,3,7,8
俊,14,52,76
芝,13,17,22
宛,17,3,4
杯,8,12,74
茂,11,22,30
缀,1,2,8
谅,3,0,7
瞩,1,0,0
栩,1,0,1
晒,9,2,5
囚,6,2,4
姜,125,4,3
聆,1,0,1
哈,123,32,29
堕,7,0,0
贿,6,3,4
赂,0,2,2
姊,5,4,6
粘,25,5,1
勾,21,4,3
吞,16,2,7
噬,4,0,3
敞,6,0,2
峭,2,0,3
赫,53,25,46
驰,7,0,12
堵,10,3,3
汤,91,10,57
姆,11,36,73
硫,29,9,3
蜀,20,7,4
饥,7,2,2
饿,4,0,2
颖,4,10,37
仑,2,7,10
麒,1,7,2
麟,3,12,41
掠,9,4,7
杏,16,11,12
胖,10,3,4
慕,46,19,12
坎,19,6,9
坷,0,1,1
芙,4,15,11
蓉,2,22,28
莱,47,59,45
寇,16,3,10
O,18,35,28
卢,105,16,9
寨,11,23,55
菇,1,2,15
赐,10,1,8
熔,14,1,1
垒,2,5,12
绅,3,0,9
荧,8,0,1
袂,0,0,1
凑,15,1,2
茫,4,3,6
峻,3,6,13
萎,6,3,2
蝉,5,2,5
浑,16,0,9
戚,27,2,9
妃,3,4,29
梭,9,2,5
珊,7,6,21
瑚,0,4,2
淆,0,0,1
衷,4,3,7
袋,5,11,35
羲,0,3,5
偏,53,6,5
跌,13,2,9
剥,8,0,1
澡,3,3,6
坪,9,20,17
潍,5,0,0
钓,10,0,3
晕,11,0,8
燕,43,19,56
嘲,4,0,3
璀,1,1,0
璨,0,0,1
赌,16,2,5
窟,2,4,8
暑,6,2,10
哀,25,7,8
缝,14,4,23
胱,0,3,1
艾,114,3,9
庸,8,5,16
膳,3,3,3
栈,3,1,3
颂,5,11,10
荔,7,2,4
疡,0,1,3
琼,21,5,17
楹,1,0,1
摸,9,1,9
柳,132,20,20
莓,0,0,5
厕,2,1,3
雀,7,16,15
墟,1,0,2
羡,2,3,4
凸,10,1,2
笼,6,4,19
罩,5,1,18
稷,3,0,2
葛,48,7,7
冻,15,8,13
鳞,6,6,4
骚,8,2,6
肖,72,5,5
楔,4,0,0
谴,1,0,1
弗,46,21,12
诫,1,1,4
卑,12,3,6
毙,2,0,4
锯,8,5,3
鸳,3,0,0
鸯,0,2,1
霸,13,10,18
蘑,2,0,3
虔,6,0,3
楷,2,2,12
乌,185,18,18
侮,3,0,4
辱,2,3,14
翰,4,22,19
挤,12,0,4
憧,1,0,0
憬,0,0,1
膺,0,0,3
玲,4,9,44
珑,0,0,2
尉,17,2,21
剑,52,51,99
杨,554,7,38
迈,19,9,8
凹,12,2,3
梳,8,2,2
迦,8,7,8
惨,19,0,2
耕,13,14,20
靡,2,0,14
鲤,4,5,5
腥,4,3,2
黏,12,3,0
吨,4,1,2
坟,12,1,9
喷,44,4,4
蕉,4,3,3
屡,3,0,1
焚,11,0,3
膏,7,6,15
弛,4,0,3
吴,431,2,6
荒,29,4,19
瑶,11,9,27
咽,10,4,6
喉,11,6,5
仁,50,63,114
绒,12,9,18
沦,6,0,1
瘫,3,0,5
痪,0,0,1
苞,2,2,3
凉,30,14,34
雏,9,2,4
肺,28,0,8
氓,0,0,5
鞋,16,2,31
淳,11,4,18
藤,26,15,28
巢,5,6,20
沸,6,2,3
铭,6,13,48
奸,24,1,10
淄,7,1,1
熊,49,8,17
猫,18,2,34
僚,3,1,5
尘,15,9,31
熏,12,2,3
兖,3,2,0
曙,2,7,1
铠,1,1,0
萼,3,2,2
肛,8,1,1
竭,3,0,7
惕,0,3,2
莹,2,4,24
挝,0,1,1
挺,13,3,14
譬,3,0,0
抬,15,1,2
枣,19,4,10
肆,2,0,6
畔,0,1,8
斩,16,3,9
袁,117,1,0
卧,20,4,15
碌,3,2,6
囊,6,18,34
瓶,7,13,31
痹,2,0,2
腰,31,7,29
圈,13,6,63
棠,5,6,21
韧,4,3,3
抉,1,0,0
棣,3,2,3
虾,12,1,10
绵,19,9,10
赣,12,2,4
奢,6,0,4
飘,30,4,7
逸,12,16,26
纱,13,8,23
蝙,2,0,0
蝠,1,2,4
躯,4,0,3
吕,136,17,5
眩,2,0,3
锦,34,34,29
亳,3,0,0
茄,5,3,7
涌,13,3,15
矗,1,0,0
茯,1,0,0
苓,1,3,3
腿,8,8,33
皱,8,1,4
苇,6,4,4
坠,8,0,4
媲,1,0,0
胃,23,4,8
诡,8,0,1
驭,0,0,2
沥,4,3,2
癫,4,1,3
痫,0,1,2
刹,8,4,8
帐,15,1,23
塾,1,0,3
邃,0,0,2
荟,1,1,1
萃,1,2,3
抹,12,0,2
缔,8,0,1
嫁,9,2,9
敛,2,1,4
赤,76,9,13
巫,19,2,2
雾,20,11,19
菏,2,1,0
冀,12,4,4
雇,10,1,2
嘱,2,0,4
琪,2,6,45
弊,3,0,6
谐,8,3,4
暧,1,0,0
昧,1,0,7
郡,11,4,97
磷,20,4,10
吩,1,0,1
咐,0,0,2
瑜,2,0,25
伽,15,4,4
赵,341,5,6
卸,13,4,4
汁,2,5,29
澎,2,0,3
湃,0,0,2
侗,3,0,1
溥,4,1,2
鹅,19,10,9
娩,0,1,1
酝,1,0,0
柴,40,4,10
彪,2,2,25
拇,1,2,0
筋,6,4,17
霍,100,5,6
婪,0,0,1
侄,9,1,6
厢,2,3,11
鹰,20,8,32
惫,1,0,1
阜,10,6,1
屹,2,3,1
蛮,7,3,12
瘟,2,2,2
腕,8,1,6
贩,7,4,8
禹,16,7,17
捍,3,0,0
稽,6,5,3
酋,2,1,2
宴,8,1,28
觅,1,1,2
筝,0,1,9
摔,6,0,1
跤,0,0,1
蚂,5,0,1
蚁,4,1,5
麾,1,1,0
诙,1,0,0
陡,10,1,0
蜕,3,0,2
闽,19,0,1
脊,12,13,7
尿,34,9,11
狙,4,0,0
呵,8,3,3
汲,7,1,1
耍,11,0,4
畏,10,0,10
劾,1,0,2
帷,4,0,0
柠,4,0,0
檬,1,3,1
奘,0,1,3
翩,3,0,2
瞻,2,3,4
槛,0,2,1
朦,3,1,1
胧,0,1,2
犁,8,4,7
洽,3,7,5
肩,20,8,10
倔,2,0,0
衬,9,0,5
腺,9,6,21
莎,11,2,32
烽,4,1,2
屯,20,11,24
盆,12,5,23
佣,5,2,3
糟,7,2,4
裸,9,1,2
眺,1,0,1
鹏,7,9,68
仕,5,12,10
爽,12,2,15
妓,2,0,7
犷,0,0,1
拖,25,4,1
臀,5,3,0
丑,15,3,17
榴,6,8,2
塌,4,1,7
橙,9,2,6
泸,9,0,0
彭,107,4,3
醛,3,2,12
漆,14,4,17
凿,9,0,7
虐,5,2,5
锣,4,1,6
柑,2,1,4
桔,8,2,5
仄,4,1,3
蚩,1,0,0
刀,47,29,92
喂,6,0,1
蛙,6,3,10
耘,0,0,1
腑,0,0,3
驸,1,0,1
盒,6,1,26
汶,6,11,5
诬,6,0,0
捧,6,1,4
苍,37,7,5
茎,5,1,13
颓,7,1,2
麓,1,7,7
痊,1,0,0
骆,24,1,0
驼,9,5,4
筷,1,0,2
诛,5,0,2
忏,2,0,0
耸,5,1,1
挚,2,0,5
仆,8,3,13
遴,1,0,0
沮,1,0,0
镌,1,0,0
耦,2,0,0
葱,10,1,6
晴,12,4,19
陋,4,0,5
轩,13,3,46
辕,2,1,3
嫦,1,0,0
娥,1,4,14
捞,4,4,3
殆,1,0,1
痉,2,0,0
挛,1,1,2
脸,24,7,41
拘,15,0,1
井,49,39,47
孢,6,3,3
踏,21,4,6
喇,9,3,3
嘛,0,1,3
窃,10,2,7
邢,20,0,1
蚕,11,7,9
仗,4,1,17
卷,37,6,39
驿,9,6,6
睾,1,2,1
丸,7,3,23
溢,7,2,8
卿,7,1,59
舅,5,2,12
傀,2,2,0
儡,0,1,2
倭,7,1,1
炫,4,5,5
赴,12,0,7
孝,33,57,40
淌,0,1,1
哮,4,2,1
喘,3,4,6
悍,6,1,6
姨,9,5,9
呐,3,2,3
喊,7,4,8
荀,9,1,1
侈,1,1,2
掷,2,1,2
馒,1,0,0
琥,3,0,1
珀,7,3,4
哎,4,0,0
呀,2,5,10
佚,2,0,3
凄,16,0,2
烯,3,6,17
倘,6,0,0
犀,5,2,4
迂,3,0,0
狼,22,3,26
狈,0,0,1
迪,33,43,82
汹,2,0,1
谦,10,6,43
萧,105,3,5
撒,31,9,10
宕,1,0,2
菲,22,22,52
藻,4,6,28
赢,5,2,5
蜡,11,5,8
烛,7,4,10
挠,7,0,2
弧,9,5,4
陇,12,7,2
盼,4,0,8
杠,4,0,11
遐,3,2,1
迩,1,0,2
帆,5,5,20
釜,1,1,1
炒,16,1,6
巍,5,6,7
峨,6,3,4
柯,66,16,9
拱,15,1,5
棺,4,3,8
乞,13,1,4
丐,1,1,3
寡,11,2,4
簿,4,0,10
钩,6,2,15
苛,7,0,1
抨,1,0,0
冕,0,3,9
衅,0,1,2
漓,1,0,1
赦,4,0,2
烘,6,3,3
诈,8,0,8
捆,6,1,0
悼,3,3,4
羟,3,1,0
窒,2,0,0
鹦,4,0,0
鹉,0,1,1
嘴,18,16,53
唇,9,7,10
鹤,16,21,30
橘,10,3,3
绳,6,6,26
膝,7,0,7
舟,10,8,34
俨,2,1,2
腌,5,1,0
氨,12,19,2
嗅,4,1,0
睿,2,6,7
缤,1,0,0
矢,9,4,4
巾,2,5,21
脍,1,0,0
炙,4,0,2
榆,18,6,4
漾,4,0,3
皿,0,0,4
遏,3,1,1
滞,12,4,12
汾,7,3,4
螃,1,0,0
蟹,14,2,13
且,5,2,8
匕,1,0,0
孜,2,7,8
赈,2,0,0
紊,1,0,0
噩,4,0,0
慌,4,1,5
疤,1,0,3
痴,11,1,8
叭,0,4,1
弓,25,6,17
魄,2,1,8
倍,12,12,8
绯,4,0,0
鳍,1,7,7
盎,3,0,0
舌,8,19,16
垦,5,0,6
逾,4,0,0
叮,5,1,0
羞,12,2,6
蛇,31,10,39
俯,11,0,0
瞰,0,1,2
亿,6,1,6
踢,10,2,2
鲨,2,2,8
莉,12,23,62
飓,1,0,0
梨,14,15,20
栓,5,3,7
蚌,3,3,2
埠,3,27,7
恳,6,0,2
肇,10,9,5
牟,10,4,2
皂,9,4,3
豚,1,1,5
胭,2,0,0
茅,43,2,11
葺,0,0,1
撕,11,0,0
拭,2,1,3
锥,10,4,5
饶,18,4,7
碳,24,7,6
狡,6,0,0
猾,0,0,2
峦,0,0,3
躁,4,0,6
禺,0,4,2
羌,5,3,5
尹,69,1,8
碗,8,11,14
诀,2,0,8
娴,4,0,10
粱,0,3,4
芭,11,3,1
蕾,6,14,21
皖,8,0,3
韦,59,12,10
碧,40,23,11
枕,11,2,7
薯,4,1,8
篷,1,3,7
颅,4,1,4
吒,0,0,2
琢,1,1,2
枸,4,0,0
杞,5,2,1
浅,39,4,8
秧,6,3,3
煜,0,1,5
闷,12,4,14
嵩,6,5,8
诲,0,0,3
狗,26,7,41
盔,1,1,3
哺,6,0,1
嘻,3,2,2
泵,3,0,11
吹,33,2,8
兆,8,38,15
砂,22,9,17
侥,1,0,0
镖,5,2,8
贤,22,32,88
瑟,4,13,13
愚,17,2,7
蠢,9,0,1
诵,2,1,8
彼,11,1,1
馏,1,2,4
戊,12,7,0
戌,0,2,5
饼,2,0,27
涅,7,23,8
槃,0,0,1
凯,54,23,47
罐,9,2,16
愧,5,2,6
疚,0,0,4
佑,4,20,22
庇,5,6,3
砖,19,2,24
缉,6,2,5
埔,4,15,3
嬉,4,2,2
僻,4,0,8
驳,6,1,4
拢,0,0,9
扇,9,7,21
衫,1,4,35
眉,19,14,29
彷,2,0,0
徨,0,0,1
潢,3,2,1
瞳,3,0,3
憎,2,1,2
穆,60,17,18
纣,1,1,3
衢,4,2,3
煎,6,3,2
帖,3,3,34
雍,9,3,11
饺,1,2,1
淑,4,28,17
潺,1,0,1
恭,18,10,13
皈,1,0,0
婉,6,6,13
啸,4,10,8
裤,13,2,18
梧,10,1,6
铲,6,1,6
侃,2,1,6
瑙,2,1,3
赎,5,1,1
抄,15,1,9
咀,4,1,2
嚼,2,1,2
帼,0,1,1
疸,0,0,1
殴,3,0,3
稚,4,8,3
幂,1,0,2
浩,13,26,73
茉,2,1,1
睑,2,0,1
陨,6,1,0
煽,4,0,0
瘙,1,0,0
痒,1,0,11
夹,36,6,6
琐,5,0,4
裳,0,0,4
菠,3,0,0
弈,1,1,2
疹,1,0,12
濮,7,1,0
骋,0,0,1
褶,3,2,1
谜,6,0,5
靓,5,2,0
楂,0,0,2
澜,2,6,14
匮,1,0,1
豌,2,0,0
焕,2,10,16
酪,1,1,3
壑,0,0,3
荥,2,1,0
芹,2,1,6
醚,0,1,9
桐,23,11,19
稼,2,6,2
歙,3,0,0
俭,3,3,12
滔,2,0,5
晾,2,0,0
鳄,1,1,4
倦,5,0,4
姚,98,4,2
朽,2,0,3
籁,0,0,2
黯,2,0,0
伺,3,0,1
潼,3,5,3
熄,4,1,1
柜,6,1,28
蜗,4,0,1
琳,3,8,67
琅,9,2,5
痢,2,0,1
荫,5,17,13
摹,5,0,2
跋,3,7,4
菱,7,1,7
鸽,5,1,9
袱,0,0,1
喧,9,0,1
嚣,1,0,4
邺,2,1,1
渭,11,4,1
欠,13,0,10
愁,9,5,16
笛,5,3,18
漕,5,0,0
枯,27,11,3
瘦,18,3,11
畲,1,0,2
鹿,48,12,23
迥,2,0,1
唢,2,0,0
滴,23,7,10
胳,4,1,0
膊,0,1,3
瀚,1,6,4
蜥,5,1,3
蜴,0,0,1
涛,3,1,72
翱,1,0,3
惆,1,0,0
怅,2,0,1
敲,16,0,2
剔,5,0,1
夭,4,0,2
撮,5,0,0
殷,48,3,8
柿,4,0,2
颉,1,2,1
庶,9,3,3
咆,1,0,0
馗,0,0,3
辍,3,0,0
懦,3,0,1
葩,0,0,1
恪,1,1,5
娶,2,0,4
揽,6,1,9
梵,14,6,1
饵,1,0,5
醋,3,3,8
骷,1,0,0
髅,0,0,1
龟,21,7,19
羁,4,0,2
绊,3,0,2
丙,31,14,4
酮,2,3,23
傻,11,2,4
芍,3,0,2
笋,3,2,7
颛,2,0,0
顼,0,0,1
妩,1,0,0
媚,7,6,20
悸,1,0,3
灶,10,7,12
憔,1,0,0
悴,0,0,1
摒,2,0,0
匿,5,0,3
鹊,4,3,4
耽,4,0,1
蛟,2,2,3
弄,16,3,21
痰,2,3,6
矮,12,2,2
烷,5,3,19
韶,6,3,5
舱,8,2,24
恍,5,0,0
滁,4,1,0
粽,1,0,1
夯,4,0,2
臭,17,3,11
磋,1,0,1
辜,4,1,1
硅,24,3,4
眷,5,0,6
挟,5,0,2
耻,4,1,7
鹘,0,0,1
勿,4,1,2
磅,2,0,2
礴,0,1,1
髦,0,0,3
烬,1,0,2
诽,2,0,1
谤,0,1,3
嫩,9,1,12
汛,2,1,6
狠,10,4,7
旖,1,0,0
旎,0,0,1
蹄,3,12,5
芪,0,1,2
圃,2,2,4
蚊,6,2,4
苔,3,2,4
藓,0,2,3
擂,4,0,0
崎,3,20,8
岖,0,0,1
旷,11,0,4
俸,1,0,1
禄,10,6,24
寝,4,0,3
砍,11,0,1
竖,13,0,2
贾,100,9,7
旭,3,10,21
丫,6,12,4
骏,2,12,23
踵,0,0,1
斓,0,0,1
曳,4,0,2
兀,8,4,2
颌,2,6,2
硝,13,3,1
韭,3,0,0
惚,0,0,1
悯,1,0,2
搐,0,0,1
橄,10,1,0
榄,4,9,4
瑕,1,1,3
疵,1,0,1
掖,2,1,3
酗,1,0,0
桧,0,1,1
汐,0,1,5
郴,3,0,0
逛,3,0,3
霄,1,6,11
檐,1,2,7
棘,9,2,2
嫂,3,2,19
栋,4,7,32
崂,2,0,0
坍,3,1,0
歹,6,1,1
筒,4,3,37
熬,3,0,3
拷,4,0,0
睫,4,1,1
烙,4,0,1
屁,3,6,4
鹭,4,1,4
涕,3,0,4
霉,6,15,6
巷,7,3,17
鸭,17,7,23
缸,3,2,18
怂,1,0,0
恿,0,0,1
缭,2,1,1
厄,8,1,5
谚,1,0,6
褪,3,0,0
氢,16,4,10
暇,0,1,3
吓,10,2,6
磺,5,4,1
惬,1,0,0
踊,1,1,0
婢,2,0,3
枇,1,0,0
杷,0,0,1
宵,3,1,8
厮,4,1,1
亢,6,0,4
浚,2,3,11
刃,3,4,8
钞,2,5,10
鸥,2,2,11
犬,10,4,27
皋,2,4,7
冥,16,5,4
祛,11,0,0
疟,2,1,2
呆,14,4,8
斐,4,14,8
杉,13,12,22
肋,3,1,2
戈,42,15,24
惭,1,0,1
穹,6,3,3
酌,5,0,5
氮,11,8,8
竺,3,4,7
碟,5,2,6
惋,1,0,0
陲,0,0,2
甥,1,1,1
孪,2,0,0
蜚,3,1,0
囱,0,0,2
鞍,6,5,2
淤,5,1,1
黜,1,0,3
裙,6,1,11
弦,10,4,24
锢,1,0,2
颤,8,1,6
抖,6,1,4
蚜,2,2,0
豁,10,2,1
笨,4,0,4
柚,4,1,5
帧,2,0,1
萍,4,4,56
垣,3,4,17
膑,0,0,1
咬,12,5,5
砌,5,0,5
藩,6,1,14
邓,103,2,2
芾,0,0,1
垫,12,5,13
猕,2,0,0
遮,18,6,2
夷,8,10,19
邵,48,5,0
陂,2,11,2
摊,17,4,11
纥,2,0,2
鞠,4,2,1
躬,5,0,3
蝎,4,3,6
扉,1,0,3
镰,1,1,1
蝇,2,5,9
槟,2,1,1
洼,3,5,5
铅,20,2,3
爬,17,1,3
堰,3,12,9
雹,2,0,1
渣,8,2,9
皆,4,0,3
蜻,1,0,0
蜓,0,0,1
吟,7,6,13
糜,7,0,2
妄,8,0,3
谬,3,1,2
缜,1,0,1
爹,3,1,8
鲫,1,0,0
椎,9,3,4
稠,2,3,5
忱,0,0,3
骂,6,1,17
涩,3,2,10
瘢,1,0,0
贬,9,0,1
淬,4,1,0
芋,1,0,6
蚯,1,0,0
蚓,0,0,1
鬟,0,0,3
曦,1,9,11
咙,0,0,1
骁,3,2,3
枚,1,1,6
贱,7,1,10
呜,3,0,1
袜,3,1,6
佤,3,1,0
蟾,3,1,4
蜍,0,0,1
秸,2,0,2
秆,1,1,3
匣,2,3,3
鸿,17,35,30
歇,15,14,4
闺,8,2,1
戛,3,1,0
斋,9,4,33
钝,3,0,5
豹,5,1,23
吊,39,4,7
勰,0,0,2
峥,1,0,1
嵘,0,0,3
聋,4,2,1
轲,1,0,2
壬,7,0,1
黛,6,13,2
帘,6,4,11
逗,8,1,2
喀,14,5,6
甄,16,0,2
嬛,0,1,1
姥,2,2,2
拂,8,1,4
垢,0,3,7
茵,3,4,10
恬,4,0,3
逊,6,4,39
螳,2,0,0
螂,0,1,3
骸,1,0,7
嫔,1,0,5
堤,11,4,22
嶙,1,0,0
峋,0,0,1
藕,3,2,2
岷,4,2,1
桦,10,2,13
暹,2,0,0
汪,81,8,5
擒,5,1,2
闸,6,5,12
讳,1,0,5
佥,1,0,1
恺,1,3,9
楠,4,1,21
肮,1,0,0
恕,2,2,4
涸,0,0,1
镯,1,0,2
颍,8,0,1
敷,5,1,5
荞,2,0,0
樟,10,5,1
莅,1,0,0
粳,2,0,0
桓,23,9,15
叩,12,0,1
谏,6,0,7
骠,1,1,1
鄂,33,5,5
滇,12,0,0
蛎,1,0,1
樊,34,2,1
讴,1,0,0
谛,2,0,1
椰,13,2,1
晃,4,4,7
惶,7,1,4
蠡,3,4,2
灼,6,1,6
谧,0,0,5
逵,0,0,5
麋,1,1,0
亭,8,23,99
蠕,5,1,1
疙,1,1,0
瘩,0,0,2
掺,6,0,0
柩,0,0,1
遂,10,1,9
篝,1,0,0
暨,2,1,2
枫,9,5,22
冤,17,1,11
枉,6,2,1
旌,5,0,0
肄,2,0,0
捣,12,0,2
钦,17,16,21
霞,9,14,41
唾,5,0,0
佗,0,1,3
篡,6,0,0
窝,21,15,24
咏,13,15,6
趾,1,3,5
忐,1,0,0
忑,0,0,1
隘,1,1,3
耿,23,1,2
牦,1,0,0
镀,8,0,2
歪,11,0,2
熠,1,0,2
窈,1,0,1
窕,0,0,1
伶,7,1,5
俐,1,1,3
娓,1,0,1
阂,0,0,1
瘠,1,0,1
禾,12,7,7
蜈,2,0,0
蚣,0,0,1
纶,0,2,21
亩,1,3,5
窑,9,6,29
袍,4,0,22
炽,5,1,5
碉,2,0,0
袈,1,0,0
裟,0,1,1
栅,4,4,5
袤,0,0,1
讥,6,0,0
蟋,1,0,0
蟀,0,0,1
惘,1,0,2
襟,2,1,8
恤,1,1,4
蝗,2,0,2
鞭,10,4,11
龈,0,0,1
辎,1,0,0
酯,2,0,15
祉,0,1,1
榔,3,0,1
鲍,35,1,0
踞,0,0,5
皓,3,8,8
昊,1,3,12
蔑,3,0,4
蟑,1,0,0
婷,1,6,34
尧,11,11,17
舜,7,15,6
汴,4,0,1
忻,11,1,2
屉,0,0,1
憩,1,0,3
揣,4,0,1
昭,36,22,29
浊,10,2,4
臾,0,1,1
氯,33,11,3
拙,4,0,8
蕨,2,1,5
慑,1,1,3
蔡,110,2,4
汝,29,37,3
眶,0,0,2
洱,2,3,2
叱,5,0,1
咤,0,0,1
跪,9,0,2
鞅,0,0,3
亟,4,0,0
诧,1,0,1
镂,3,0,1
泗,14,10,6
殡,3,0,2
烫,5,1,5
铿,1,0,3
锵,1,1,3
苑,5,2,27
棱,8,7,3
榨,6,0,2
娇,26,4,13
奄,1,0,1
郭,217,3,7
嗜,8,1,0
粟,5,3,2
觊,1,0,0
觎,0,0,1
璞,1,1,3
匍,2,0,0
匐,0,1,1
卯,1,1,5
鄱,3,1,0
岂,10,1,0
麝,3,0,1
乖,11,1,2
濂,1,1,5
邸,1,1,4
遨,1,0,0
枷,1,1,0
鄙,8,0,4
屌,1,0,0
甬,5,2,0
哗,5,0,3
玺,2,0,11
庚,9,6,15
愫,0,0,1
琊,1,5,1
伫,1,0,0
涪,5,0,0
俏,6,0,5
蒂,12,35,36
寅,1,4,11
焙,3,0,1
扯,6,0,6
妞,2,1,5
绮,6,9,4
砺,0,3,3
煮,9,0,3
隍,0,3,1
妲,1,1,0
剌,0,8,7
苯,18,6,10
溺,4,0,2
刁,14,0,1
朔,12,5,8
颊,1,1,2
暮,11,4,5
痔,1,1,0
疮,6,1,14
疱,1,2,3
札,8,4,3
驯,11,1,3
癸,5,2,0
凋,4,0,0
穗,3,12,11
瘀,2,0,4
悖,2,1,2
墩,3,8,13
睢,7,0,0
烨,0,0,8
巳,0,0,4
窜,3,0,4
寥,3,1,2
畿,1,1,2
酉,2,2,5
隽,2,4,3
搁,5,0,2
俱,8,3,1
蓟,9,1,0
葵,7,4,17
缢,2,0,1
逶,1,0,0
迤,2,0,1
毯,1,2,8
诋,1,0,0
湍,2,0,1
滕,15,2,5
茁,1,0,0
缥,1,0,0
缈,0,0,1
淇,3,3,8
鲸,4,2,18
栀,2,0,0
簇,3,0,2
瑾,0,2,17
壶,11,1,27
徇,2,0,0
膛,1,3,8
岐,7,9,9
勣,0,0,1
寰,3,0,4
兹,4,20,41
邳,3,1,1
笠,2,3,5
魇,0,0,1
涿,7,0,0
冗,3,0,0
(,1,0,0
墉,1,2,1
偃,2,1,1
猬,0,0,1
斟,5,0,0
卤,14,3,1
戎,9,5,12
憨,5,0,2
屑,0,3,16
痤,1,0,1
鞘,2,2,8
涟,6,1,2
漪,0,4,4
徭,1,0,0
沔,2,1,0
邑,1,14,12
冢,2,6,4
彬,3,1,26
翁,22,4,21
鞑,2,0,0
靼,0,1,1
谗,1,0,1
佬,0,6,10
虞,20,7,9
缎,3,0,4
礁,2,0,20
飙,3,0,3
懒,14,4,7
惰,1,0,2
伞,12,3,13
遒,1,0,0
雁,25,12,16
宓,1,0,2
冉,12,2,5
闵,14,5,6
幄,0,0,1
谒,2,0,3
萤,4,0,3
娄,19,3,3
佰,1,2,1
绥,15,4,4
砾,2,1,4
呻,2,0,0
脐,3,2,1
莘,4,1,1
鳅,0,0,1
扳,7,0,0
芩,0,0,1
藉,1,0,5
莒,4,0,0
崔,108,4,0
眸,1,0,5
吝,3,1,2
啬,0,1,1
蔚,11,3,9
蛤,3,4,2
蟆,0,1,4
霜,9,3,23
庾,5,4,0
毋,3,2,0
哑,10,1,4
婀,1,0,0
槽,4,4,15
怯,7,1,7
辫,1,2,2
猩,3,2,3
涝,2,1,6
潘,101,4,5
蹂,1,0,0
躏,0,0,1
斧,8,2,5
贽,0,0,2
钉,8,6,12
嶂,0,0,2
竿,2,3,6
倩,1,5,15
枭,2,2,2
渺,3,0,3
蛊,2,0,1
茏,0,1,1
喆,0,1,2
秽,4,0,3
猖,2,0,1
獗,0,0,1
锡,22,39,38
榈,0,6,2
扈,5,0,1
羚,4,1,11
酣,5,0,1
桀,2,1,2
獭,2,0,3
姬,17,3,23
橱,2,0,4
溧,4,0,0
钙,8,6,10
渝,5,3,4
懈,1,0,3
怠,3,0,2
阆,3,0,0
痿,0,0,1
梆,2,1,1
窘,5,0,3
拐,12,3,5
杖,1,2,15
喱,0,0,1
羿,0,0,2
爪,6,9,9
阎,33,5,0
馄,1,0,0
饨,0,0,1
娟,2,1,29
槐,10,3,13
坞,2,4,10
梢,4,3,7
菖,1,2,0
蒲,42,4,5
羔,2,1,1
袅,2,0,1
俪,0,3,2
榕,7,4,4
阡,1,2,0
鏖,1,0,0
扁,20,3,1
讧,0,0,1
淫,14,0,6
倜,1,0,1
傥,1,0,1
潞,5,0,0
珏,0,0,5
瓮,4,2,1
褒,8,0,1
娑,0,0,1
殉,12,0,0
茨,10,10,35
鱿,1,1,0
魁,9,4,21
萦,3,1,1
蟒,2,0,1
亘,1,1,3
骊,1,0,2
炅,0,0,1
绷,2,1,1
孽,7,0,6
瘾,2,1,7
腋,4,0,2
锤,4,3,11
笃,5,5,5
祁,25,3,5
颇,6,2,4
渍,0,3,8
蛰,2,1,1
胰,7,0,0
玟,0,3,2
燎,1,0,0
泾,10,8,1
凛,4,0,4
坯,3,1,5
蹊,2,1,1
跷,2,2,3
嗣,5,9,18
磕,2,0,0
咯,5,2,2
苜,1,0,0
蓿,0,0,1
刎,0,0,1
訇,0,0,2
嵋,0,1,1
漯,3,0,0
轧,8,1,3
敕,4,0,0
霾,0,0,2
晟,0,3,5
姗,1,2,2
饷,1,0,4
迸,4,0,0
耒,3,0,0
嫣,2,0,3
鎏,1,0,1
矫,11,0,1
踝,1,0,3
敖,8,3,3
吼,4,2,4
钾,4,2,14
嫡,10,0,0
圩,3,4,1
咫,1,2,0
泞,0,0,1
谭,63,1,2
桅,2,1,1
捏,3,0,2
璋,0,1,10
捻,3,0,1
晔,0,1,8
铛,0,0,2
阈,2,0,1
沽,3,6,4
猝,3,0,1
嘈,1,0,0
坑,10,7,26
茧,3,1,3
磐,3,1,2
倪,30,0,4
鹈,2,0,0
鹕,0,0,1
霓,3,1,3
筵,2,0,2
罹,2,0,0
腱,1,1,2
洵,0,2,2
帚,0,1,2
哨,11,4,12
盱,2,0,0
眙,0,1,1
桶,4,4,23
昙,4,2,0
唆,1,1,3
淹,3,0,3
隅,0,3,6
皙,0,0,1
夙,2,0,0
愕,1,0,2
鄞,3,0,0
颐,6,4,9
桩,3,1,7
荸,1,0,0
荠,1,0,1
窍,1,0,4
箴,1,1,1
郫,2,0,0
栉,1,1,0
禀,7,0,1
唁,1,0,1
棍,3,4,20
簸,1,0,1
辄,0,0,1
哇,4,4,3
斡,4,2,0
毂,1,0,1
亦,8,17,7
觐,1,2,1
吆,2,0,0
窥,7,1,2
钵,4,3,3
翘,4,2,6
烃,2,0,9
侏,5,0,0
醴,3,0,0
饕,2,0,0
餮,0,1,1
瞎,8,6,2
沾,8,0,1
瀛,5,6,3
瞭,2,0,0
楣,0,0,4
黔,13,0,1
蜢,0,0,2
溅,1,1,2
铂,3,2,0
懵,1,0,0
狰,1,0,0
狞,2,0,1
榷,2,0,1
徜,1,0,0
徉,0,0,1
谙,2,0,3
豉,0,0,1
檀,16,5,5
釉,9,0,6
嘹,1,0,0
鲵,0,1,3
裱,1,0,1
饯,2,0,1
茜,2,3,10
骞,0,2,3
攒,5,0,1
燹,0,0,1
靴,2,2,6
诂,0,1,1
蟠,7,2,1
拮,3,0,0
痞,2,0,2
骰,1,0,0
茗,0,3,4
儋,2,1,1
洮,3,1,1
凳,1,0,9
箫,1,2,5
珲,2,0,1
懊,3,0,0
闰,6,1,2
淞,0,4,1
谑,0,0,2
謇,0,0,1
髻,0,5,2
芊,1,3,1
纫,0,1,1
戍,3,1,4
扼,8,0,0
豺,2,0,0
锈,5,4,4
钗,2,3,7
稞,0,1,1
嘿,2,0,1
梓,7,25,10
龛,0,1,3
讪,2,0,1
恣,2,0,1
聃,0,0,2
赡,3,0,0
涧,5,8,5
偎,2,0,1
斛,4,0,2
曜,0,4,7
擢,1,0,1
濠,3,3,2
炔,3,0,2
挨,13,0,1
磊,1,1,23
谕,3,1,13
冯,151,3,3
迭,6,5,4
胫,1,0,0
彦,5,40,29
湮,2,0,0
茸,2,1,4
睬,0,0,1
惺,2,1,3
酚,4,3,10
榻,1,1,5
腓,5,0,1
嘎,9,5,3
佯,4,0,0
岑,13,0,6
碾,9,1,1
黟,1,0,0
胺,4,5,29
腼,1,0,0
腆,0,0,1
汀,8,4,10
琨,0,0,1
忡,1,0,2
漱,2,2,2
唠,2,0,0
叨,4,0,4
冈,11,10,17
胄,0,0,5
芷,2,9,3
臼,1,2,4
娆,0,0,2
萱,3,0,16
嵯,1,0,0
彤,3,4,23
橇,0,0,2
俚,5,0,0
桉,3,0,2
玑,0,2,3
攸,2,2,1
嘘,1,0,2
鸠,6,1,2
搀,2,0,0
媛,1,3,19
诟,2,0,0
荚,1,3,3
怡,8,8,35
涎,2,2,2
铬,7,1,3
铎,0,0,9
笙,1,0,14
谪,3,0,1
劈,13,3,4
祟,0,0,3
攫,1,0,0
孀,0,0,1
澧,3,1,1
狄,34,5,8
糅,1,0,1
嘟,4,1,4
箔,1,1,3
裨,3,0,0
芥,6,1,4
恃,1,0,3
襁,1,0,0
褓,0,0,1
篱,2,1,6
笆,0,0,2
匝,2,2,1
祐,0,5,4
垮,3,1,10
诩,0,0,2
粲,1,2,2
皑,1,1,1
奚,8,4,2
缪,10,4,4
鳜,1,0,0
茴,3,1,1
慵,1,0,0
刮,14,5,2
亵,1,0,1
渎,1,3,3
纨,1,0,0
绔,0,0,1
蒋,84,0,2
苎,3,0,0
勺,2,1,7
猿,5,1,9
粥,1,0,7
鲶,1,0,0
赓,0,0,2
骈,3,0,0
氤,1,0,0
氲,0,0,1
嘧,1,2,0
啶,0,1,6
潦,3,0,0
肘,5,0,5
伎,1,0,4
俩,1,2,8
踌,1,0,0
躇,0,0,1
涓,2,0,4
咪,4,2,6
酶,3,2,32
臆,4,0,1
踩,5,0,0
炊,5,0,3
伉,1,0,0
桎,1,0,0
梏,0,0,1
岚,3,4,12
沱,7,5,3
蜊,0,0,1
乒,5,0,2
乓,0,1,1
晦,5,1,4
煸,1,0,0
潸,1,0,0
哙,0,0,2
唏,1,0,1
璇,1,1,10
郓,3,0,0
壕,2,2,4
饬,1,0,1
檄,1,0,1
鲈,2,0,1
锟,0,0,2
秃,11,1,2
雉,4,2,5
鸵,1,1,0
砀,3,1,0
洄,1,0,0
酥,9,2,2
玷,2,0,0
哽,1,0,0
痈,1,0,0
疽,0,1,3
镭,1,0,0
椁,0,1,3
倚,5,0,2
癜,0,1,1
沅,5,5,7
榭,0,2,4
莺,2,4,7
箕,3,2,2
赝,1,0,0
嬗,1,0,0
砚,3,4,7
淅,4,0,1
婺,4,0,0
聂,23,1,1
茭,1,0,0
樵,3,1,3
邋,1,0,0
遢,0,0,1
邡,0,1,1
碣,2,1,2
剽,3,0,0
哉,0,2,9
朐,0,2,1
鳗,2,0,4
栾,10,0,0
鳝,1,0,1
鹌,1,0,0
鹑,0,0,1
沭,3,3,0
徕,0,2,1
浔,3,2,1
揉,4,0,1
搓,5,0,1
缙,4,1,1
籽,3,4,11
噱,1,0,0
垩,0,1,1
珐,2,0,1
馅,3,0,2
侬,1,0,2
剃,10,0,0
晖,0,3,15
犄,1,0,0
薛,67,1,1
斌,1,3,62
唬,1,0,2
馁,0,0,1
陉,0,1,2
泯,1,0,0
掳,4,0,0
惹,11,0,6
窖,1,2,5
铮,1,3,9
罡,0,0,2
娅,0,2,21
菁,2,2,11
滦,5,1,1
縻,0,0,1
吾,13,7,16
奕,2,13,6
瞠,1,0,0
秭,2,0,0
镐,2,3,7
悌,0,0,1
纭,0,0,1
芸,7,5,10
佘,6,0,0
惮,0,0,1
鹂,0,0,1
傩,3,0,0
矜,1,0,3
坂,5,6,3
涣,1,1,0
箜,1,0,0
篌,0,0,1
砝,1,0,0
蓦,2,0,0
鹫,1,2,2
疝,1,0,2
盂,4,3,3
绶,1,4,4
楫,0,0,1
懑,0,0,1
蝈,1,0,1
淙,1,0,1
骇,5,1,2
颢,0,1,2
瓯,4,1,4
夔,3,0,4
蛾,2,3,10
帛,2,0,6
囤,1,0,1
啼,5,0,4
锄,4,0,1
恸,1,0,2
孺,2,0,8
绛,5,2,1
匡,7,4,5
婶,4,2,3
矾,0,3,3
铉,0,2,9
袒,2,0,1
怆,1,0,2
眨,3,0,0
铝,19,3,6
闱,0,0,1
琦,1,4,29
砥,3,0,0
靶,7,0,5
郯,2,1,0
瞥,1,0,1
谀,0,0,2
榛,3,0,1
咕,9,0,5
噜,0,2,7
颚,0,0,2
搪,2,0,1
蜇,0,1,1
阙,7,1,8
碁,0,1,1
郢,2,1,0
谆,1,0,1
岔,10,9,4
筮,0,0,1
歆,0,2,4
飒,4,0,2
跸,0,0,1
赃,4,1,5
锰,4,3,1
俑,0,1,8
罂,2,0,0
靛,2,0,1
牍,0,0,4
贲,1,0,2
猥,2,0,0
玳,2,1,0
瑁,0,0,2
汨,3,0,0
葚,0,0,1
谲,0,0,1
辙,0,1,5
蛀,2,1,2
湎,0,0,1
奎,16,21,26
佞,2,0,1
暄,0,0,1
獠,1,0,2
甩,7,0,0
罄,0,0,2
淝,2,4,0
脓,7,2,3
刍,1,1,1
阮,32,1,1
泱,1,1,1
酩,1,0,0
酊,0,0,1
沪,13,5,3
黝,2,1,1
蛔,2,0,0
驴,5,3,6
簪,3,0,3
龋,1,0,2
沁,12,2,4
弼,3,2,16
嬷,1,2,3
偌,1,0,0
蕲,5,0,0
蕙,2,3,4
婕,1,0,6
妤,0,1,2
锌,2,2,7
挞,0,0,1
咧,2,1,2
囹,1,0,0
圄,0,0,1
蹉,1,0,0
跎,0,0,1
妾,1,0,9
皎,4,0,1
蚝,1,0,0
绫,5,0,3
碚,0,1,1
赘,4,0,3
裘,14,1,4
咚,1,0,3
臃,1,0,0
鲑,2,0,1
偕,3,0,0
嘶,5,0,1
绞,12,3,0
阉,3,0,0
铀,2,1,1
喋,1,0,0
霖,3,3,33
渑,2,0,0
婵,1,1,1
幡,1,1,4
璎,1,1,1
珞,5,2,2
瓒,0,1,4
弩,3,2,5
钳,5,3,4
盯,6,1,1
睦,4,0,1
戾,0,0,2
俅,0,0,1
胛,0,1,1
谩,1,0,0
拣,1,0,2
蘖,0,0,2
瓢,2,1,1
癖,1,0,14
胥,3,5,5
蚤,0,0,3
璧,1,5,8
颧,1,0,0
筏,2,0,3
晏,10,0,5
晗,0,1,6
驮,4,0,1
琛,1,1,9
猞,1,0,0
猁,0,0,1
鲢,1,0,0
萋,1,0,1
馑,0,0,1
肱,2,0,1
嵊,4,0,0
坩,1,0,0
埚,0,0,1
岱,6,10,7
獒,0,1,1
佶,0,0,2
邙,1,0,0
蔻,0,0,5
鄢,2,0,1
苟,7,1,0
蹋,0,0,1
逞,5,1,1
酰,4,8,4
揶,1,0,0
揄,0,0,1
栱,0,0,1
贻,3,8,2
椹,0,0,1
谄,3,0,0
吮,1,0,1
擘,0,0,1
擞,0,0,1
鄄,2,0,0
拽,0,0,1
馥,1,3,0
骡,2,0,1
羰,1,0,0
粪,9,3,6
邹,42,1,0
蹴,1,0,0
攘,2,1,3
秣,2,0,1
弑,4,0,0
冽,0,0,4
椿,1,4,7
藐,1,0,0
Q,3,3,1
弋,6,3,2
鲛,2,1,0
葆,0,11,2
撇,4,2,0
穑,0,0,1
魍,1,0,0
魉,1,0,1
愣,4,1,2
雯,0,5,25
咎,0,1,3
炯,1,5,5
窿,0,0,3
睁,4,1,1
熨,4,1,0
汩,1,0,1
茱,5,2,0
萸,0,1,3
嚏,1,0,2
铆,2,0,0
铐,0,0,2
莴,2,0,0
苣,0,2,1
幌,1,1,1
堑,1,0,2
蛭,1,0,1
淖,2,0,2
醍,1,1,1
醐,0,0,1
嚷,1,1,5
厩,1,0,1
啄,2,1,0
鬃,1,2,2
裴,34,0,0
舵,4,3,6
掏,7,0,0
忿,4,1,1
瘴,2,1,0
粕,0,0,2
佃,4,3,1
咛,0,0,1
哼,2,1,2
鹧,2,0,0
鸪,0,1,1
肓,0,0,1
糍,1,0,0
粑,1,0,4
喃,2,0,4
槿,0,3,3
痍,0,0,1
拗,4,0,2
邱,34,5,1
焱,0,0,4
谟,0,5,11
柘,6,2,0
迢,1,0,1
诿,0,0,1
舫,0,1,2
阑,4,1,1
腴,0,0,2
嚎,3,0,3
郧,4,0,0
妍,1,8,28
瞑,1,1,0
篾,2,0,1
砒,1,0,0
哄,8,2,5
娼,2,0,3
蹲,6,0,1
峄,3,0,0
淼,0,0,5
娉,1,1,0
惦,2,0,0
囿,1,0,1
讷,3,0,5
綦,2,0,0
蓑,2,1,0
瞿,8,1,0
殃,1,1,3
蝮,1,0,1
豇,1,0,0
呢,5,0,4
臻,1,1,5
铰,3,0,0
貂,2,2,4
蛳,0,0,1
痘,0,1,4
遁,6,1,3
砭,1,0,2
缨,3,2,8
鹞,4,0,1
秤,5,1,3
魑,1,0,0
屐,0,0,1
瞪,2,2,1
濑,1,9,1
晌,1,0,2
苕,1,0,1
鹮,0,0,1
溜,9,11,13
哟,0,1,3
邠,1,0,0
凇,0,0,1
缫,2,0,0
煞,7,1,4
摈,3,0,0
翎,2,4,5
滂,2,0,0
孱,1,0,0
缱,1,0,0
绻,0,0,1
鹄,0,0,2
捂,1,0,0
炳,4,21,14
褴,1,0,0
褛,0,0,1
潟,1,2,0
坳,2,0,1
煲,2,0,1
佻,0,0,1
藁,1,0,0
荃,1,1,5
韬,2,2,11
鸨,1,0,2
沓,0,0,2
耄,1,0,0
耋,0,0,1
鼹,1,0,2
糠,1,2,4
羯,3,3,0
赊,4,0,0
坻,0,2,1
狍,1,0,0
潋,1,1,0
滟,0,0,1
鲲,1,1,0
蝾,1,0,0
螈,0,0,1
箩,1,0,1
筐,1,0,3
麸,1,0,1
蹒,1,0,0
跚,0,0,1
蒹,1,0,0
葭,0,1,1
蔺,2,1,1
犸,1,1,1
讣,1,0,0
仡,2,0,0
兜,15,3,5
晷,0,0,1
蓓,1,4,3
腮,5,1,0
锚,5,0,4
郅,0,0,2
蜷,3,0,0
牒,0,0,4
矣,0,1,3
燧,3,0,3
廖,46,4,0
蒡,0,0,1
豢,2,0,0
嘀,3,1,1
踉,1,0,0
跄,0,0,1
邛,5,0,0
崃,0,2,1
郏,1,0,0
砸,5,2,0
缰,1,0,1
霎,3,0,1
鲇,2,0,0
脯,1,1,2
懿,2,7,3
澶,2,0,0
镊,1,0,0
廪,1,0,1
邕,3,0,4
笞,0,0,1
蹦,4,0,0
棂,1,1,1
嗟,1,0,0
蚱,1,0,1
撷,2,0,1
膈,1,2,2
诰,2,0,2
鲟,3,0,3
鳕,1,0,0
悻,2,1,1
揖,1,2,3
痼,1,0,0
黠,1,0,1
仃,0,1,1
钨,3,4,0
鸬,1,0,0
鹚,0,0,1
讹,4,1,1
驷,1,3,0
荏,1,0,0
苒,0,0,1
崀,1,0,0
缄,2,0,0
揪,3,0,1
逦,0,0,1
殓,0,0,4
嵬,0,1,2
藿,1,0,1
庵,3,6,21
蜉,1,0,0
蝣,0,0,1
犊,1,4,1
耆,3,3,1
珙,2,0,1
殒,1,0,0
辘,2,0,4
轳,0,0,1
粼,1,0,1
轫,0,0,1
虱,3,3,1
槁,0,0,1
喙,2,1,1
鑫,1,7,21
岿,1,0,0
呱,4,2,2
芮,7,1,3
龌,1,0,0
龊,0,0,1
舂,1,0,1
捭,1,0,0
阖,2,0,2
鹳,2,1,3
饽,1,0,1
忤,1,0,0
妪,0,0,1
犒,2,0,0
巯,1,0,0
戳,3,0,2
茔,0,0,1
茹,6,2,10
谯,7,2,0
谡,0,0,1
痂,0,1,1
倏,3,0,0
珂,2,1,6
蒺,1,1,0
藜,0,0,2
怏,1,0,1
睚,1,0,0
眦,0,0,1
睥,1,0,0
睨,0,0,2
辊,1,1,1
郾,1,0,0
驹,0,0,17
铣,3,0,1
掣,2,0,0
褂,1,0,6
瑷,1,0,0
钧,2,9,24
岘,2,3,0
啾,1,0,2
羸,1,0,0
痧,0,0,1
珩,0,0,2
霏,2,0,7
袄,0,1,4
杼,0,1,2
拚,2,0,0
蹿,1,0,0
鳏,2,0,0
窠,1,1,0
龚,21,1,0
鳌,6,2,5
骅,0,0,4
溟,0,0,3
蓖,1,0,0
绢,3,1,5
昕,0,3,15
铢,0,3,2
窦,30,4,7
S,71,56,88
妯,1,0,0
娌,0,0,1
蝼,2,0,0
鬓,2,0,2
诨,2,0,1
缕,2,1,4
腈,1,0,1
捡,3,0,0
瑛,0,1,12
鸶,0,0,1
蒿,2,1,7
掬,0,0,1
嗡,1,0,1
惴,1,0,1
琰,0,0,5
疥,2,0,0
璜,0,3,5
哩,1,2,1
郝,31,0,1
扒,7,2,0
扛,2,0,0
胴,1,0,0
崤,1,0,0
洺,1,1,0
逡,1,0,0
浣,6,2,0
敝,1,0,1
乩,0,0,1
鸾,1,2,5
啦,3,5,8
钺,0,0,4
锹,1,0,1
呓,1,0,1
瘸,2,0,0
埂,0,1,2
怦,2,0,1
骜,0,0,2
虢,4,0,0
湄,8,0,1
昱,1,6,7
钰,0,5,7
诘,3,0,3
泮,1,0,1
炜,0,1,9
邗,2,0,0
槌,0,1,5
灞,4,0,0
剁,2,0,0
膂,1,0,0
弭,0,0,1
鸢,1,0,1
薰,3,6,4
徵,0,2,2
翟,15,1,1
楞,2,3,3
孳,1,0,1
氦,1,1,1
溘,1,0,0
茬,1,1,6
苋,1,0,2
靳,7,1,0
泓,1,2,3
崞,1,0,0
吱,3,0,3
撺,1,0,0
掇,3,0,1
狒,1,0,1
炖,1,0,1
墒,0,0,1
瞌,2,1,0
垛,3,7,4
皲,1,0,0
趸,1,0,1
螨,1,6,4
荼,1,4,0
靥,0,0,1
嫖,3,0,0
挲,0,0,1
孰,2,0,0
沏,1,0,0
僭,2,0,0
憋,2,0,0
蛐,2,1,1
溱,2,0,1
濉,3,0,0
涞,2,1,0
毡,5,1,1
捶,2,0,1
龃,1,0,0
龉,0,0,1
笳,0,0,1
盏,0,1,3
跺,2,1,0
蹩,1,0,0
俳,2,0,0
糌,1,0,0
搔,3,1,0
璐,0,5,12
椴,1,0,1
砧,3,0,1
渥,3,1,1
琮,0,0,3
嗷,2,1,1
哆,4,4,0
嗦,0,0,3
瞧,4,0,3
恫,1,0,0
卞,11,0,0
舷,4,1,3
栎,1,1,5
浍,1,0,1
虻,0,0,1
玮,0,7,12
睽,2,0,0
滓,0,1,1
癞,4,0,0
痨,1,0,1
耷,1,0,1
霭,1,1,4
骧,0,0,4
阊,1,1,0
盥,2,0,0
偈,1,0,1
邈,0,0,4
吠,2,0,3
胯,2,0,0
鼾,1,0,1
掰,1,0,0
兢,0,1,2
镍,1,0,1
陟,0,1,2
圻,0,3,4
咿,1,0,0
蘸,1,0,0
碘,9,3,0
咱,4,0,0
焉,3,0,1
圭,4,8,13
瘪,0,0,1
碓,1,0,1
铨,2,0,9
桢,0,1,11
臧,13,1,1
嗝,0,0,2
唧,1,0,2
赭,6,0,0
镕,0,1,1
鳟,1,0,1
搂,1,0,1
恂,0,0,2
蛹,0,0,1
岬,2,0,0
幺,4,1,2
锭,1,2,8
踯,1,0,0
躅,0,0,1
悝,0,0,1
訄,1,0,0
淠,2,0,0
桠,0,2,1
汞,2,0,4
栝,1,0,0
铩,1,0,0
镣,1,0,1
叵,2,0,0
撬,2,0,0
忖,1,0,2
寐,1,0,2
壅,1,0,0
俞,39,3,0
桨,3,1,5
褥,2,3,1
蓊,1,0,0
薹,1,1,2
沩,2,0,0
咔,1,1,1
嚓,0,0,2
墀,0,0,3
薮,1,0,1
呛,0,0,1
抠,1,0,0
旮,1,0,0
旯,0,0,1
殍,0,0,1
鲥,1,0,0
蓥,0,1,1
剡,2,0,0
獐,2,1,0
媾,1,0,1
胤,0,2,9
镞,0,0,1
臬,0,0,1
蜃,3,0,0
蟥,0,0,1
炕,7,1,2
鄜,2,0,0
寮,2,10,2
沣,2,1,1
虬,2,1,0
衲,0,2,1
怔,3,1,2
燮,0,3,6
隰,2,0,0
稗,2,0,0
倥,1,0,0
偬,0,0,1
馍,1,0,4
倨,1,0,0
谵,2,0,0
馐,0,0,1
杈,0,0,2
聩,0,0,1
傈,2,0,0
僳,1,2,1
躺,3,1,3
趴,2,0,0
您,3,0,0
蛆,1,0,0
喟,2,0,0
撩,4,0,0
搡,0,0,1
艄,1,0,0
沆,1,0,0
瀣,0,0,1
矍,1,0,0
铄,0,0,1
咩,2,0,1
挎,1,0,0
宥,0,7,2
讦,1,0,1
銮,2,3,1
孥,0,0,1
盹,1,1,2
稔,0,1,2
笤,1,0,0
籼,1,0,0
谶,2,0,1
鬣,2,0,1
侪,1,0,1
煦,0,1,4
邰,4,0,0
跹,0,0,1
缟,1,0,0
舢,1,0,0
僮,1,0,2
簌,1,1,2
椽,1,1,0
啧,1,0,1
磻,1,0,0
拄,1,0,0
觏,0,0,1
濯,1,0,1
酃,1,0,0
焘,0,0,5
纰,2,0,0
崮,1,0,3
帙,0,0,1
烊,0,0,1
啪,3,0,3
鼯,1,0,1
哒,2,1,3
邶,1,0,0
骛,0,0,1
颏,0,0,2
挈,1,0,1
弢,0,0,1
镔,1,0,1
隼,2,0,5
闾,3,2,5
侩,1,0,1
醺,0,1,2
踱,1,0,0
笺,2,3,4
仵,1,0,0
峪,3,12,13
痣,0,0,9
踟,1,0,0
蹰,0,0,1
疴,0,0,1
屎,1,1,6
婊,1,0,0
荤,2,0,1
筠,2,1,10
轱,1,1,0
氰,7,3,0
幔,0,0,4
砰,1,0,1
聒,1,0,0
褫,1,0,0
喽,1,1,0
诜,0,0,2
硒,0,1,1
柞,4,1,0
囟,1,0,0
篁,1,1,0
浯,1,0,0
铡,2,0,0
町,1,2,13
鲳,1,0,0
瑗,0,0,1
遽,1,0,1
誊,1,0,0
弇,1,0,0
荨,2,0,0
叟,0,1,3
咋,4,0,0
啜,2,0,1
掮,1,0,0
灏,0,1,3
庖,2,0,0
鄯,2,0,0
蹭,1,0,1
戡,1,0,0
刨,6,1,0
庑,1,0,1
歃,1,0,0
泷,3,1,1
啊,4,5,0
邾,2,0,0
衩,0,0,1
跛,4,0,0
罘,0,1,1
啁,1,0,0
哦,0,0,1
柢,0,0,1
戕,1,0,1
撵,1,0,0
裆,0,2,1
羹,2,1,2
鲱,2,0,0
樽,1,0,1
喳,1,0,1
栌,0,0,1
祚,0,5,7
髯,1,3,1
渚,1,10,3
嘤,1,0,1
滹,2,0,0
堀,4,0,1
恻,2,0,1
佝,2,0,0
偻,0,1,1
矸,1,2,0
煊,1,1,1
茕,1,0,1
筌,0,0,1
馔,0,0,1
牯,2,1,0
殁,0,0,1
叽,2,0,2
樨,0,0,2
锱,1,0,0
刿,0,0,1
乍,6,2,0
笊,1,0,0
喔,1,0,1
戦,1,0,0
雒,4,3,0
咄,1,1,1
篙,0,0,2
掂,1,0,0
妁,0,0,1
捎,2,0,0
豳,2,0,0
捺,0,0,1
鄠,2,0,0
夤,2,0,1
嗒,1,1,4
褡,1,1,0
裢,0,0,1
珉,0,7,4
蚶,1,0,2
骥,0,2,7
篓,1,0,5
拈,3,0,0
荑,0,0,1
侉,1,0,0
帔,0,0,1
怼,0,0,1
佟,21,0,0
旸,1,1,1
踽,1,0,1
痱,1,0,0
芗,1,1,1
硼,5,1,2
锃,1,0,0
畹,1,1,0
晤,1,1,1
杲,0,1,5
愎,0,0,1
橹,0,0,2
杳,1,0,0
鸹,0,0,1
嗤,1,0,1
囡,1,1,2
锴,0,0,3
瞅,2,0,0
蹬,1,0,2
遑,1,0,0
砣,0,0,1
烩,1,1,2
卺,0,0,1
忪,0,0,1
孚,2,5,4
碡,0,0,1
泅,2,0,0
妫,1,0,0
曰,0,2,7
鉄,1,0,0
-,1,2,1
h,39,30,12
t,41,9,83
e,35,131,63
n,25,22,101
a,54,196,53
d,34,12,52
o,31,126,49
y,15,9,52
u,15,82,31
i,26,126,55
g,25,9,33
B,38,33,12
N,43,24,24
r,41,42,51
f,17,6,7
l,41,19,38
m,33,14,50
M,50,41,38
v,16,8,8
V,18,14,15
D,49,38,26
s,54,15,42
矶,1,4,5
·,0,4,1
w,18,7,16
詹,18,1,2
c,34,12,19
E,43,46,27
C,71,52,69
I,51,54,47
P,60,45,46
U,18,6,8
b,37,4,18
G,29,17,25
T,49,41,36
W,23,4,5
p,29,14,34
K,16,6,5
L,31,19,26
q,6,0,0
Y,3,4,3
柬,2,1,1
F,18,15,13
z,8,0,5
x,4,5,13
R,41,26,28
&,0,2,0
H,20,18,6
k,17,8,15
跆,1,0,0
炀,1,2,2
Z,5,0,2
佼,1,1,2
J,13,1,1
X,4,1,3
j,10,0,1
钊,0,3,7
苷,0,2,5
郦,1,0,0
勖,0,0,1
à,0,1,0
祺,0,1,9
噶,7,1,0
嬅,0,0,1
祜,0,2,2
頫,0,0,1
俾,2,0,0
钠,4,0,18
锂,2,0,4
棵,1,4,0
瑭,0,0,1
又,6,9,2
刽,1,0,0
褚,13,0,1
+,0,2,6
瑄,0,0,3
钛,3,3,2
ì,0,0,1
γ,1,0,0
艮,0,2,2
戟,0,3,5
炆,0,0,1
璠,0,0,1
埼,2,1,0
僖,2,1,0
é,0,0,1
禛,0,0,1
镁,3,4,10
珪,0,1,4
仫,2,0,0
惇,0,0,1
髋,2,0,0
浠,2,0,0
诃,1,3,1
偁,0,0,1
锏,0,0,2
嶷,0,1,0
氟,16,10,3
霰,2,1,0
甯,0,0,1
枞,2,1,0
恽,7,0,0
峒,0,4,2
崆,3,0,0
崴,0,0,2
た,0,1,0
ふ,1,0,0
り,0,0,1
榘,0,0,1
浜,0,1,2
铵,2,0,5
砻,1,2,0
聿,0,4,0
癣,0,0,6
胪,2,2,1
芈,2,0,0
侂,0,1,0
壹,4,0,2
琍,0,0,1
犍,2,1,0
劢,0,0,1
闫,14,1,0
玥,0,0,1
冼,7,0,0
櫆,0,0,1
菟,1,1,1
嵛,1,3,0
闿,0,1,1
翊,1,6,7
ー,0,1,0
ク,1,0,0
ル,0,0,1
苡,0,2,1
薏,2,0,0
熜,0,0,1
皝,0,0,1
猗,2,2,1
燊,0,1,4
肼,0,0,3
芃,0,1,2
孛,3,0,0
趵,1,0,0
堺,1,0,0
闼,0,1,1
佺,0,2,0
菀,0,2,0
洙,0,1,7
缇,0,1,4
俎,0,0,1
崧,1,0,3
啮,5,0,1
榉,0,0,1
猷,0,1,5
羣,0,0,1
淛,0,0,1
昀,0,1,2
垠,0,1,3
橼,0,1,0
廆,0,0,1
濬,0,0,3
晁,9,0,1
钏,1,3,1
龢,0,0,1
愍,0,1,0
钜,0,0,1
暐,0,1,1
徂,1,0,0
苁,0,1,0
勐,30,1,0
茛,0,2,1
巽,1,2,1
唑,1,4,5
兮,0,2,2
潴,1,1,0
葳,0,2,1
摭,0,1,0
朊,1,0,0
焯,0,1,2
嘌,1,2,0
呤,0,0,2
楸,0,0,1
昇,0,2,0
趼,0,1,0
槲,3,0,0
庹,3,0,0
忒,4,3,2
琹,0,0,1
澍,0,2,3
噻,3,2,0
嗪,0,0,7
α,1,0,0
厝,0,4,0
垵,0,1,1
溆,1,1,0
赧,0,1,1
の,0,2,0
あ,1,0,0
颡,0,1,0
琏,0,2,2
霈,0,1,1
玖,2,1,1
桡,3,1,0
埇,1,0,0
於,7,1,0
腭,0,1,1
臊,3,0,1
奂,0,1,0
β,1,0,0
丏,0,1,0
鼐,0,2,7
堉,0,0,1
毓,2,18,1
涠,1,0,0
翮,0,0,1
肽,1,4,5
仝,2,0,1
赟,0,1,1
埗,0,1,1
儁,0,0,1
冏,0,0,1
貔,2,0,0
鳖,0,4,3
劼,0,1,0
箍,2,2,1
梶,2,0,0
傒,0,1,0
菘,0,0,1
擀,2,1,0
毌,1,0,0
紘,0,0,2
邬,8,0,0
樘,0,0,1
鲅,2,0,0
呋,2,0,0
忉,1,0,0
翦,1,0,1
旻,0,3,2
糸,1,2,0
绀,0,1,1
磴,1,0,0
琫,0,1,0
鳃,2,5,0
堇,3,2,2
毽,1,1,0
邝,8,0,0
咲,0,3,1
坭,2,0,0
へ,0,0,2
岈,0,2,0
嵖,1,0,0
硚,1,0,0
沇,0,1,0
筱,4,3,0
棼,0,0,1
篪,0,0,1
淦,0,2,1
髡,0,0,1
Ⅲ,0,0,2
骶,1,1,0
乂,1,0,1
玹,0,1,0
霁,0,3,0
磾,0,0,2
畑,2,2,0
湣,0,1,0
荻,1,2,1
畊,0,1,0
赉,0,3,1
伷,0,0,1
蘅,1,1,1
鹖,1,0,0
幢,0,1,2
懋,2,6,2
娣,0,0,3
奭,0,0,2
黍,0,0,3
屺,0,1,0
荪,0,1,3
矽,3,0,0
嗔,2,1,2
绹,0,0,1
锺,0,1,0
遹,0,0,1
蔼,0,2,3
蚨,0,1,0
卣,0,0,2
昰,0,1,0
闇,0,1,1
涔,0,1,0
昴,1,1,2
氩,2,0,0
瓘,0,0,2
觞,0,0,2
濛,0,1,0
嬿,0,0,1
後,1,0,1
瀞,1,1,0
湜,0,0,1
樗,1,0,0
晞,0,1,1
酢,1,0,1
啃,2,0,0
倻,0,1,0
鼋,1,0,0
揍,1,0,2
豸,0,1,2
纮,0,0,2
啰,0,2,2
嵝,0,2,0
岣,2,0,0
杬,0,0,1
に,0,0,1
螟,2,2,3
岌,0,0,1
莪,0,0,2
蔹,0,1,0
琯,0,1,1
筇,1,0,0
洹,0,0,2
倬,0,1,1
晸,0,1,0
枰,0,1,0
鴷,1,0,0
桁,2,1,0
钤,0,0,1
匏,0,1,0
唃,1,0,0
楝,0,4,0
彟,0,0,1
韪,0,1,0
骀,0,0,1
筲,1,0,0
鱬,0,1,0
蚧,1,0,1
婧,0,1,2
亶,0,3,2
砼,0,0,2
烔,1,1,0
汊,2,5,1
澪,0,0,1
镛,0,0,4
彅,0,1,0
茀,0,1,0
蚴,0,0,2
宸,0,3,2
菔,0,1,0
柁,1,0,0
旼,0,1,1
捩,1,1,0
洎,0,1,0
槭,0,0,2
滘,0,2,2
桷,0,2,0
珈,0,2,3
翙,0,0,2
芨,1,1,0
炷,0,4,1
瘗,1,0,0
濞,0,2,1
脒,0,0,1
膦,0,0,1
钒,0,2,0
侑,0,3,1
肜,0,0,1
笥,0,1,0
俟,1,1,0
卨,0,0,1
阋,2,0,0
閦,0,1,0
楙,0,0,1
麂,2,3,0
姣,2,1,4
峯,1,0,0
嵕,0,1,0
嵇,4,0,0
溴,9,2,0
苈,0,1,0
葶,1,0,0
璟,0,0,2
焜,0,1,1
鵟,0,0,1
喹,4,1,2
吡,8,3,0
梃,1,0,0
嶲,0,1,0
胨,0,0,1
気,0,1,0
伾,0,1,0
硇,1,0,0
闳,0,1,2
骢,0,1,4
棻,0,0,1
镫,0,2,1
鸮,1,2,0
萜,2,0,1
贶,0,2,0
拴,1,0,0
啉,0,0,2
覃,6,0,1
鮠,0,0,1
垭,1,2,1
脲,1,1,1
蔵,0,0,1
逯,2,0,0
浈,1,0,0
卬,0,0,1
喵,0,0,2
旃,0,2,0
猇,1,0,0
磬,1,1,2
寯,0,1,0
璘,0,0,1
棰,0,1,0
狆,0,0,1
硖,0,1,0
阇,0,3,0
迳,0,2,0
骓,0,1,0
眛,0,0,1
垡,0,1,0
隗,2,1,0
姫,1,0,0
璈,0,0,1
笏,0,2,0
跖,0,1,0
黧,1,1,0
柝,0,1,0
酐,0,0,4
凼,1,0,0
鲂,0,0,3
嶌,0,1,0
栊,1,0,0
貘,0,1,1
钼,3,3,0
烺,0,0,1
藦,0,1,0
翚,0,0,1
昶,0,3,1
慜,0,0,1
芎,0,1,1
佉,1,0,0
踹,0,1,1
珺,0,3,2
坨,2,5,1
溍,0,0,1
襦,0,1,0
杵,1,0,2
れ,0,1,0
镦,0,1,0
绾,0,1,2
罨,1,0,0
泫,0,1,0
枥,1,0,0
鵩,1,0,0
倧,0,1,0
丌,1,0,0
鸻,1,0,0
蕈,0,1,2
甑,1,1,0
嬴,2,0,0
祗,1,0,2
茳,0,0,1
哌,1,2,0
柰,0,1,0
迺,0,1,0
镠,0,0,1
熵,0,0,1
弶,1,0,0
蛉,0,1,2
仟,1,0,0
釐,0,1,0
鲭,0,1,0
铙,1,1,0
勗,0,0,1
楯,0,1,0
钇,0,1,0
钕,1,0,0
鹱,1,0,1
膘,0,1,0
絜,0,1,0
鏸,0,0,1
垆,0,1,0
：,0,0,1
祾,1,0,0
釭,0,1,0
語,0,0,1
晈,0,0,1
俶,0,1,0
轭,0,1,0
炘,0,1,0
锜,0,0,1
鱲,0,1,0
槎,1,2,1
煐,0,0,1
瑠,0,1,1
杓,0,0,1
爨,1,0,0
筜,0,2,0
筼,2,0,0
椇,0,1,0
枳,4,0,0
菅,3,0,0
骝,0,0,1
頠,0,0,1
葑,0,1,0
扪,0,1,0
掾,0,0,2
昺,0,0,1
玗,0,2,0
鱀,0,1,0
岙,0,3,0
衮,0,0,3
牂,2,0,0
闬,0,0,1
弁,1,1,2
焗,0,1,0
珽,0,0,1
羧,4,0,0
畈,0,2,2
窣,2,0,0
亓,1,0,0
鰂,1,0,0
樾,0,1,4
倮,0,0,1
栟,1,0,0
钹,0,1,2
殇,0,1,3
汈,1,0,0
碇,2,1,0
菡,0,0,1
粄,0,0,1
鷇,1,0,0
蓼,1,0,0
澹,4,0,0
岫,1,4,0
菪,0,1,1
莨,2,0,0
骺,0,1,0
繇,0,0,3
莜,1,1,0
铚,0,1,0
缁,1,0,0
姝,0,2,0
鸫,0,0,1
萘,4,0,1
邨,0,0,1
垱,0,1,0
缵,0,1,0
垸,0,1,1
旂,0,0,1
俣,0,2,0
镉,0,0,1
湫,0,0,1
薙,0,0,1
雩,0,0,1
敔,1,0,0
崽,1,3,2
彊,0,0,1
笈,0,0,4
珥,0,1,1
綯,0,0,1
骐,0,0,1
劭,0,1,0
圌,0,1,0
缦,0,1,0
茚,1,0,0
镒,0,1,1
暎,0,0,1
螭,0,1,1
転,0,1,1
蘧,0,1,0
鲷,1,1,0
獬,1,0,1
漈,0,0,1
鄣,0,1,0
澯,0,1,0
埕,0,3,0
狎,2,0,0
㙍,0,1,0
莼,1,0,1
馀,0,0,1
奁,0,2,1
峤,0,1,2
堃,0,1,0
踦,0,1,0
陔,0,1,1
韫,0,1,1
曷,2,0,0
陬,0,1,0
洸,0,2,0
浛,1,0,0
敫,1,0,1
蒌,0,2,0
苴,2,3,0
郗,1,0,0
鲗,1,0,0
鰕,1,0,0
珣,1,0,0
蚵,1,0,0
镚,0,1,0
尕,1,1,0
嚈,1,0,0
鳁,0,1,0
洧,1,0,0
垴,0,0,1
咻,0,2,1
枋,2,0,1
钴,1,0,2
桜,1,0,0
撂,2,0,0
魌,0,1,0
钯,0,0,1
胍,0,1,0
辇,0,3,1
疃,0,4,0
廿,1,1,0
汫,1,0,0
鲀,1,0,2
砷,1,1,1
妗,0,1,0
蜱,1,0,0
鲽,1,0,0
嶝,0,1,0
荬,0,1,0
搠,1,0,0
眞,0,0,1
栳,0,2,0
栲,3,0,0
砜,0,0,1
镓,0,0,2
曌,0,1,0
渌,1,0,0
烝,0,0,1
濡,2,1,0
鲒,1,0,0
琚,1,1,0
渕,0,2,0
叻,1,1,1
悭,2,0,0
蚬,1,0,0
揆,0,1,2
巂,0,1,0
砦,0,1,1
と,0,1,0
嵎,0,1,0
岠,1,0,0
乜,2,0,0
狃,0,1,0
甙,0,0,1
嶓,1,0,0
辻,1,1,0
こ,1,0,0
垌,0,2,0
π,0,1,0
郚,0,1,0
鄌,1,0,0
藨,0,1,0
肟,0,0,1
玦,0,1,0
囍,0,1,0
峃,0,1,0
堠,0,1,0
茺,1,0,0
皕,1,0,0
皴,2,0,2
嶋,1,2,0
缶,0,0,1
犽,1,0,0
槙,1,0,0
Ⅱ,0,0,2
螯,1,2,0
荜,1,0,0
埫,0,1,0
兕,0,0,1
鲃,0,0,1
箬,1,0,0
阚,4,0,0
眯,2,2,1
唭,1,0,0
禳,1,0,0
宍,2,0,0
磡,0,1,0
哂,1,1,0
鬘,0,1,0
蹇,1,0,0
斎,1,0,0
澔,0,1,0
眭,1,0,0
邴,3,0,0
翳,0,0,2
圪,6,0,0
觜,1,0,0
蠊,0,1,1
穉,0,1,0
噫,0,1,0
鳇,1,1,0
碛,0,2,1
埭,0,2,0
垤,0,1,0
瘘,1,1,2
郈,1,0,0
醪,1,1,0
諲,0,1,1
沢,0,1,0
脿,0,2,0
钡,2,0,2
砵,1,0,0
澴,1,0,0
瞋,0,1,0
瓠,0,1,0
鲉,1,0,0
鞣,3,0,0
蝰,0,0,2
甽,0,1,0
泺,0,0,1
漭,1,0,0
苄,0,1,2
苻,1,0,0
蝽,0,0,1
鹪,0,1,0
鹩,0,0,1
稜,0,1,0
蠹,0,2,0
鱇,0,1,0
鮟,1,0,0
榃,1,0,0
塍,0,2,0
崁,0,1,0
騑,0,0,1
贰,2,1,0
铌,1,1,0
暾,1,0,0
咾,0,1,0
髹,1,0,0
郕,1,0,0
坌,0,0,1
楮,1,0,0
髎,0,0,1
椑,1,0,0
粿,0,0,1
讫,0,1,1
夥,0,1,0
畠,1,0,0
聡,0,0,1
啥,1,1,1
矞,0,1,0
刈,0,1,0
榊,1,0,0
鸱,2,0,0
瓤,1,0,1
耧,1,0,0
柒,1,0,0
笮,0,1,0
麈,0,1,0
堌,0,1,0
硍,0,1,0
淜,0,1,0
摞,0,1,0
哏,0,0,1
髂,1,0,0
铯,0,0,1
廮,1,0,0
夿,0,1,0
奤,1,0,0
栒,1,0,0
尻,0,2,0
埤,0,2,0
篥,0,1,1
觱,1,0,0
俺,4,0,0
脇,0,1,0
溁,1,0,0
徳,2,0,0
姮,0,0,1
铧,1,0,2
虺,0,1,0
锉,1,0,1
寔,0,0,1
熛,0,1,0
唻,0,1,0
饹,0,1,0
饸,1,0,0
箦,0,1,0
泠,0,1,0
瘿,0,1,1
盅,1,0,3
萩,1,0,0
脽,0,0,1
冴,1,0,0
丱,1,0,0
糨,1,1,0
鳾,0,0,1
闍,0,1,0
柊,1,0,0
垓,0,1,1
沚,0,1,0
鼬,1,1,2
胙,0,0,1
涮,2,1,2
侎,0,1,0
憍,1,0,0
婼,0,0,1
镏,1,1,0
硎,0,1,0
苾,1,0,0
堎,0,1,0
辔,1,1,1
吖,1,0,0
摛,1,0,0
榖,1,0,0
钽,2,0,0
的,2,6,4
不,262,130,14
地,252,78,365
趟,0,1,1
窨,0,1,0
鹨,0,0,1
及,8,3,36
其,16,23,15
了,11,5,27
好,120,16,81
逑,0,0,1
有,137,48,70
副,59,1,5
兼,23,1,2
国,229,250,447
鄫,1,0,0
阗,0,2,1
庠,0,0,1
与,6,7,12
被,31,0,11
把,20,8,8
想,35,18,42
却,6,8,9
以,44,18,28
便,30,11,25
为,27,19,71
此,38,1,15
去,47,5,61
莠,1,0,1
只,21,0,8
要,48,11,44
会,115,47,405
い,0,0,1
新,430,66,78
崭,1,0,0
県,0,0,1
塬,0,1,0
才,23,22,77
在,34,28,27
再,29,5,2
多,6,0,7
少,34,58,9
皞,0,1,0
最,49,0,1
较,11,1,2
更,27,5,9
极,44,28,30
或,8,0,8
让,15,4,27
诒,0,1,1
给,18,11,41
吗,1,0,1
未,55,7,5
都,47,42,64
暻,0,1,0
还,35,4,16
该,59,0,5
使,43,8,70
閤,1,0,0
并,38,5,9
芘,0,0,1
而,10,3,12
但,8,2,3
虽,3,1,0
能,36,34,89
非,69,20,46
和,70,42,94
薫,0,0,1
太,183,138,46
伋,0,0,1
侔,0,0,2
请,31,10,20
们,0,6,17
无,333,28,11
恙,0,0,1
噍,0,1,0
正,149,46,65
我,13,3,3
他,7,4,4
没,39,1,15
这,44,0,0
由,12,19,17
你,6,0,1
那,99,7,17
得,44,61,81
到,22,4,59
它,1,0,1
仅,3,1,3
着,25,9,65
很,5,0,0
也,4,4,2
她,2,0,0
蒯,6,0,0
阄,0,0,2
铖,0,0,1
吭,3,0,1
桕,0,0,1
稹,0,0,1
蒽,2,0,0
醌,0,0,4
饴,1,0,0
嫘,1,0,0
焖,0,0,1
鳊,1,0,0
埙,0,0,1
谌,1,0,0
氽,0,1,0
锷,0,0,2
扔,2,0,0
觑,0,0,1
哝,0,0,2
闩,0,0,1
镳,0,0,1
漉,0,1,1
腧,1,0,0
蒴,1,0,0
璁,0,0,1
嗫,1,0,0
嚅,0,0,1
噗,3,0,0
哧,0,0,4
苌,0,1,1
裰,0,0,1
噎,2,0,1
啷,0,0,2
忸,1,0,0
怩,0,0,1
啕,0,0,2
囔,0,0,1
猢,1,0,0
狲,0,0,1
铳,0,0,2
嗖,1,1,2
噤,1,0,1
狯,0,0,1
飕,1,2,3
唿,1,0,0
囫,1,0,0
囵,0,0,1
鹗,0,0,3
颔,1,0,0
湟,2,0,0
扦,1,0,0
趔,1,0,0
趄,0,0,1
噔,0,0,1
甭,2,0,0
螅,0,0,1
剀,0,0,1
绦,1,1,0
鲡,0,0,1
蚰,1,0,0
镢,1,0,0
氆,1,0,0
氇,0,0,1
诌,0,0,1
孑,1,0,0
魃,0,0,1
啻,0,0,1
恁,1,0,0
咣,1,0,0
谔,0,0,1
甾,1,0,0
怵,0,0,1
锨,0,0,2
掐,3,0,0
绉,0,1,1
嗥,1,0,1
艘,0,0,3
郜,1,0,0
汜,0,0,1
馊,1,0,0
畋,0,0,1
犟,1,0,1
怄,1,0,0
雎,0,0,1
戗,0,0,1
姘,1,0,0
碜,0,0,1
耜,0,0,2
蹑,1,0,0
鹁,1,0,0
廛,0,0,1
蹙,1,0,0
吲,1,0,0
哚,0,0,1
锆,1,0,0
喏,0,0,2
倌,0,0,2
戬,0,0,2
箓,0,0,1
癯,0,0,1
矇,1,0,0
眬,0,0,2
醮,0,0,1
獾,0,0,1
缂,1,0,0
诳,1,0,0
赳,0,1,1
噼,1,0,0
柽,1,0,0
逖,0,0,1
喾,0,0,1
牝,2,0,0
狻,1,1,0
猊,0,0,2
馋,1,0,3
砗,1,0,0
磲,0,0,1
脘,0,0,1
颀,1,0,0
髭,1,0,0
娈,1,0,0
孬,1,0,0
齑,1,0,0
泔,1,0,0
爻,1,0,2
蛄,0,0,1
鹇,0,0,1
胼,1,0,0
胝,0,0,1
檗,0,0,1
氍,1,0,0
毹,0,0,1
秫,1,0,0
唣,0,0,1
蛲,1,0,0
跗,1,0,0
蹠,0,0,1
堞,0,0,1
愠,2,0,0
滏,1,0,0
煅,1,0,0
缛,0,0,1
蠲,1,0,0
鸩,1,0,0
鍪,0,0,1
哔,1,0,0
缬,0,0,1
荦,0,0,1
镗,1,0,0
桫,1,0,0
椤,0,0,1
澉,1,0,0
蓇,1,0,0
葖,0,0,1
蓣,0,0,1
诮,0,0,1
趿,1,0,0
骘,0,0,1
喑,1,0,0
峁,0,0,2
癔,1,0,0
琬,0,0,3
哐,2,0,0
氅,0,0,1
芫,2,0,0
荽,0,0,1
诓,1,0,0
鏊,1,0,0
鸷,0,0,1
笸,1,0,0
膻,1,0,1
蜣,1,0,0
阏,1,0,0
呃,1,0,0
咂,3,1,0
磙,0,0,1
芡,1,0,0
钿,0,0,2
魈,0,0,1
祢,1,0,0
愆,0,0,1
腠,1,0,0
裣,1,0,0
衽,0,0,3
嗳,1,0,0
蠖,0,0,1
圯,0,0,1
拎,1,0,0
揩,2,0,0
瘰,1,0,0
疬,0,0,1
裾,0,0,1
钎,1,0,2
榧,1,0,1
鸸,1,0,0
鹋,0,0,1
犴,0,0,1
庥,0,0,1
鲣,1,0,0
帑,0,0,1
掸,1,0,0
洫,0,0,1
葸,0,0,1
诤,1,0,1
黢,0,1,1
愦,0,0,1
氙,1,0,0
癃,1,0,0
绡,0,0,1
蔫,1,0,1
蛞,1,0,0
蝓,0,0,1
辏,0,0,1
辂,0,0,1
疳,1,0,1
艨,1,0,0
艟,0,0,1
黹,0,0,1
颃,0,0,1
颞,2,0,0
颥,0,0,1
圜,1,0,0
恹,1,0,1
拧,1,0,0
纾,0,0,1
疠,0,0,2
蛏,0,0,1
耙,1,0,0
畦,0,0,1
褊,1,0,0
颟,1,0,0
顸,0,0,1
宄,0,0,1
怃,1,0,0
挹,1,0,0
幛,0,0,1
虼,1,0,0
蹼,1,0,1
蕻,0,0,1
髌,1,0,0
浞,0,0,1
珮,0,1,0
榫,2,0,0
蓠,0,0,1
沤,1,0,0
飚,0,0,1
襞,0,0,1
牖,0,0,1
蓍,1,0,0
酞,0,0,1
馓,1,0,0
驽,1,0,0
嗑,0,0,1
伧,0,0,1
暌,1,0,0
燠,1,0,0
犰,1,0,0
狳,0,0,1
篦,1,0,1
蛴,1,0,0
螬,0,0,1
锑,0,1,0
璩,0,0,1
薷,0,0,1
蜮,0,0,1
呖,1,0,1
蒗,0,0,1
颦,0,0,1
鲋,0,0,1
檩,1,0,0
涑,1,0,0
畛,1,0,0
矬,1,0,0
簰,1,0,0
粝,0,0,1
蛱,1,0,0
螫,1,0,0
蟊,1,0,0
辋,0,0,1
鞯,0,0,1
飨,1,0,1
啭,0,0,1
傧,1,0,0
噘,1,0,0
牾,0,0,1
捋,1,0,0
椋,1,0,0
橛,1,0,0
疖,1,0,0
砬,1,0,0
筚,1,0,0
薜,1,0,0
蠓,1,0,0
诼,0,0,1
貅,0,0,1
遛,1,0,0
鲮,1,0,0
抿,0,0,1
黩,1,0,0
鼢,1,0,0
